value,bit_pos,input_binary,result,result_binary,expected,expected_binary,match
-inf,0,1 11111 0000000000,-inf,1 11111 0000000000,nan,1 11111 0000000001,0
-inf,1,1 11111 0000000000,-inf,1 11111 0000000000,nan,1 11111 0000000010,0
-inf,2,1 11111 0000000000,-inf,1 11111 0000000000,nan,1 11111 0000000100,0
-inf,3,1 11111 0000000000,-inf,1 11111 0000000000,nan,1 11111 0000001000,0
-inf,4,1 11111 0000000000,-inf,1 11111 0000000000,nan,1 11111 0000010000,0
-inf,5,1 11111 0000000000,-inf,1 11111 0000000000,nan,1 11111 0000100000,0
-inf,6,1 11111 0000000000,-inf,1 11111 0000000000,nan,1 11111 0001000000,0
-inf,7,1 11111 0000000000,-inf,1 11111 0000000000,nan,1 11111 0010000000,0
-inf,8,1 11111 0000000000,-inf,1 11111 0000000000,nan,1 11111 0100000000,0
-inf,9,1 11111 0000000000,-inf,1 11111 0000000000,nan,1 11111 1000000000,0
-inf,10,1 11111 0000000000,-inf,1 11111 0000000000,-32768.0,1 11110 0000000000,0
-inf,11,1 11111 0000000000,-inf,1 11111 0000000000,-16384.0,1 11101 0000000000,0
-inf,12,1 11111 0000000000,-inf,1 11111 0000000000,-4096.0,1 11011 0000000000,0
-inf,13,1 11111 0000000000,-inf,1 11111 0000000000,-256.0,1 10111 0000000000,0
-inf,14,1 11111 0000000000,-inf,1 11111 0000000000,-1.0,1 01111 0000000000,0
-inf,15,1 11111 0000000000,inf,0 11111 0000000000,inf,0 11111 0000000000,1
-32768.0,0,1 11110 0000000000,-32800.0,1 11110 0000000001,-32800.0,1 11110 0000000001,1
-32768.0,1,1 11110 0000000000,-32832.0,1 11110 0000000010,-32832.0,1 11110 0000000010,1
-32768.0,2,1 11110 0000000000,-32896.0,1 11110 0000000100,-32896.0,1 11110 0000000100,1
-32768.0,3,1 11110 0000000000,-33024.0,1 11110 0000001000,-33024.0,1 11110 0000001000,1
-32768.0,4,1 11110 0000000000,-33280.0,1 11110 0000010000,-33280.0,1 11110 0000010000,1
-32768.0,5,1 11110 0000000000,-33792.0,1 11110 0000100000,-33792.0,1 11110 0000100000,1
-32768.0,6,1 11110 0000000000,-34816.0,1 11110 0001000000,-34816.0,1 11110 0001000000,1
-32768.0,7,1 11110 0000000000,-36864.0,1 11110 0010000000,-36864.0,1 11110 0010000000,1
-32768.0,8,1 11110 0000000000,-40960.0,1 11110 0100000000,-40960.0,1 11110 0100000000,1
-32768.0,9,1 11110 0000000000,-49152.0,1 11110 1000000000,-49152.0,1 11110 1000000000,1
-32768.0,10,1 11110 0000000000,-inf,1 11111 0000000000,-inf,1 11111 0000000000,1
-32768.0,11,1 11110 0000000000,-8192.0,1 11100 0000000000,-8192.0,1 11100 0000000000,1
-32768.0,12,1 11110 0000000000,-2048.0,1 11010 0000000000,-2048.0,1 11010 0000000000,1
-32768.0,13,1 11110 0000000000,-128.0,1 10110 0000000000,-128.0,1 10110 0000000000,1
-32768.0,14,1 11110 0000000000,-0.5,1 01110 0000000000,-0.5,1 01110 0000000000,1
-32768.0,15,1 11110 0000000000,32768.0,0 11110 0000000000,32768.0,0 11110 0000000000,1
-16384.0,0,1 11101 0000000000,-16400.0,1 11101 0000000001,-16400.0,1 11101 0000000001,1
-16384.0,1,1 11101 0000000000,-16416.0,1 11101 0000000010,-16416.0,1 11101 0000000010,1
-16384.0,2,1 11101 0000000000,-16448.0,1 11101 0000000100,-16448.0,1 11101 0000000100,1
-16384.0,3,1 11101 0000000000,-16512.0,1 11101 0000001000,-16512.0,1 11101 0000001000,1
-16384.0,4,1 11101 0000000000,-16640.0,1 11101 0000010000,-16640.0,1 11101 0000010000,1
-16384.0,5,1 11101 0000000000,-16896.0,1 11101 0000100000,-16896.0,1 11101 0000100000,1
-16384.0,6,1 11101 0000000000,-17408.0,1 11101 0001000000,-17408.0,1 11101 0001000000,1
-16384.0,7,1 11101 0000000000,-18432.0,1 11101 0010000000,-18432.0,1 11101 0010000000,1
-16384.0,8,1 11101 0000000000,-20480.0,1 11101 0100000000,-20480.0,1 11101 0100000000,1
-16384.0,9,1 11101 0000000000,-24576.0,1 11101 1000000000,-24576.0,1 11101 1000000000,1
-16384.0,10,1 11101 0000000000,-8192.0,1 11100 0000000000,-8192.0,1 11100 0000000000,1
-16384.0,11,1 11101 0000000000,-inf,1 11111 0000000000,-inf,1 11111 0000000000,1
-16384.0,12,1 11101 0000000000,-1024.0,1 11001 0000000000,-1024.0,1 11001 0000000000,1
-16384.0,13,1 11101 0000000000,-64.0,1 10101 0000000000,-64.0,1 10101 0000000000,1
-16384.0,14,1 11101 0000000000,-0.25,1 01101 0000000000,-0.25,1 01101 0000000000,1
-16384.0,15,1 11101 0000000000,16384.0,0 11101 0000000000,16384.0,0 11101 0000000000,1
-8192.0,0,1 11100 0000000000,-8200.0,1 11100 0000000001,-8200.0,1 11100 0000000001,1
-8192.0,1,1 11100 0000000000,-8208.0,1 11100 0000000010,-8208.0,1 11100 0000000010,1
-8192.0,2,1 11100 0000000000,-8224.0,1 11100 0000000100,-8224.0,1 11100 0000000100,1
-8192.0,3,1 11100 0000000000,-8256.0,1 11100 0000001000,-8256.0,1 11100 0000001000,1
-8192.0,4,1 11100 0000000000,-8320.0,1 11100 0000010000,-8320.0,1 11100 0000010000,1
-8192.0,5,1 11100 0000000000,-8448.0,1 11100 0000100000,-8448.0,1 11100 0000100000,1
-8192.0,6,1 11100 0000000000,-8704.0,1 11100 0001000000,-8704.0,1 11100 0001000000,1
-8192.0,7,1 11100 0000000000,-9216.0,1 11100 0010000000,-9216.0,1 11100 0010000000,1
-8192.0,8,1 11100 0000000000,-10240.0,1 11100 0100000000,-10240.0,1 11100 0100000000,1
-8192.0,9,1 11100 0000000000,-12288.0,1 11100 1000000000,-12288.0,1 11100 1000000000,1
-8192.0,10,1 11100 0000000000,-16384.0,1 11101 0000000000,-16384.0,1 11101 0000000000,1
-8192.0,11,1 11100 0000000000,-32768.0,1 11110 0000000000,-32768.0,1 11110 0000000000,1
-8192.0,12,1 11100 0000000000,-512.0,1 11000 0000000000,-512.0,1 11000 0000000000,1
-8192.0,13,1 11100 0000000000,-32.0,1 10100 0000000000,-32.0,1 10100 0000000000,1
-8192.0,14,1 11100 0000000000,-0.125,1 01100 0000000000,-0.125,1 01100 0000000000,1
-8192.0,15,1 11100 0000000000,8192.0,0 11100 0000000000,8192.0,0 11100 0000000000,1
-4096.0,0,1 11011 0000000000,-4100.0,1 11011 0000000001,-4100.0,1 11011 0000000001,1
-4096.0,1,1 11011 0000000000,-4104.0,1 11011 0000000010,-4104.0,1 11011 0000000010,1
-4096.0,2,1 11011 0000000000,-4112.0,1 11011 0000000100,-4112.0,1 11011 0000000100,1
-4096.0,3,1 11011 0000000000,-4128.0,1 11011 0000001000,-4128.0,1 11011 0000001000,1
-4096.0,4,1 11011 0000000000,-4160.0,1 11011 0000010000,-4160.0,1 11011 0000010000,1
-4096.0,5,1 11011 0000000000,-4224.0,1 11011 0000100000,-4224.0,1 11011 0000100000,1
-4096.0,6,1 11011 0000000000,-4352.0,1 11011 0001000000,-4352.0,1 11011 0001000000,1
-4096.0,7,1 11011 0000000000,-4608.0,1 11011 0010000000,-4608.0,1 11011 0010000000,1
-4096.0,8,1 11011 0000000000,-5120.0,1 11011 0100000000,-5120.0,1 11011 0100000000,1
-4096.0,9,1 11011 0000000000,-6144.0,1 11011 1000000000,-6144.0,1 11011 1000000000,1
-4096.0,10,1 11011 0000000000,-2048.0,1 11010 0000000000,-2048.0,1 11010 0000000000,1
-4096.0,11,1 11011 0000000000,-1024.0,1 11001 0000000000,-1024.0,1 11001 0000000000,1
-4096.0,12,1 11011 0000000000,-inf,1 11111 0000000000,-inf,1 11111 0000000000,1
-4096.0,13,1 11011 0000000000,-16.0,1 10011 0000000000,-16.0,1 10011 0000000000,1
-4096.0,14,1 11011 0000000000,-0.0625,1 01011 0000000000,-0.0625,1 01011 0000000000,1
-4096.0,15,1 11011 0000000000,4096.0,0 11011 0000000000,4096.0,0 11011 0000000000,1
-2048.0,0,1 11010 0000000000,-2050.0,1 11010 0000000001,-2050.0,1 11010 0000000001,1
-2048.0,1,1 11010 0000000000,-2052.0,1 11010 0000000010,-2052.0,1 11010 0000000010,1
-2048.0,2,1 11010 0000000000,-2056.0,1 11010 0000000100,-2056.0,1 11010 0000000100,1
-2048.0,3,1 11010 0000000000,-2064.0,1 11010 0000001000,-2064.0,1 11010 0000001000,1
-2048.0,4,1 11010 0000000000,-2080.0,1 11010 0000010000,-2080.0,1 11010 0000010000,1
-2048.0,5,1 11010 0000000000,-2112.0,1 11010 0000100000,-2112.0,1 11010 0000100000,1
-2048.0,6,1 11010 0000000000,-2176.0,1 11010 0001000000,-2176.0,1 11010 0001000000,1
-2048.0,7,1 11010 0000000000,-2304.0,1 11010 0010000000,-2304.0,1 11010 0010000000,1
-2048.0,8,1 11010 0000000000,-2560.0,1 11010 0100000000,-2560.0,1 11010 0100000000,1
-2048.0,9,1 11010 0000000000,-3072.0,1 11010 1000000000,-3072.0,1 11010 1000000000,1
-2048.0,10,1 11010 0000000000,-4096.0,1 11011 0000000000,-4096.0,1 11011 0000000000,1
-2048.0,11,1 11010 0000000000,-512.0,1 11000 0000000000,-512.0,1 11000 0000000000,1
-2048.0,12,1 11010 0000000000,-32768.0,1 11110 0000000000,-32768.0,1 11110 0000000000,1
-2048.0,13,1 11010 0000000000,-8.0,1 10010 0000000000,-8.0,1 10010 0000000000,1
-2048.0,14,1 11010 0000000000,-0.03125,1 01010 0000000000,-0.03125,1 01010 0000000000,1
-2048.0,15,1 11010 0000000000,2048.0,0 11010 0000000000,2048.0,0 11010 0000000000,1
-1024.0,0,1 11001 0000000000,-1025.0,1 11001 0000000001,-1025.0,1 11001 0000000001,1
-1024.0,1,1 11001 0000000000,-1026.0,1 11001 0000000010,-1026.0,1 11001 0000000010,1
-1024.0,2,1 11001 0000000000,-1028.0,1 11001 0000000100,-1028.0,1 11001 0000000100,1
-1024.0,3,1 11001 0000000000,-1032.0,1 11001 0000001000,-1032.0,1 11001 0000001000,1
-1024.0,4,1 11001 0000000000,-1040.0,1 11001 0000010000,-1040.0,1 11001 0000010000,1
-1024.0,5,1 11001 0000000000,-1056.0,1 11001 0000100000,-1056.0,1 11001 0000100000,1
-1024.0,6,1 11001 0000000000,-1088.0,1 11001 0001000000,-1088.0,1 11001 0001000000,1
-1024.0,7,1 11001 0000000000,-1152.0,1 11001 0010000000,-1152.0,1 11001 0010000000,1
-1024.0,8,1 11001 0000000000,-1280.0,1 11001 0100000000,-1280.0,1 11001 0100000000,1
-1024.0,9,1 11001 0000000000,-1536.0,1 11001 1000000000,-1536.0,1 11001 1000000000,1
-1024.0,10,1 11001 0000000000,-512.0,1 11000 0000000000,-512.0,1 11000 0000000000,1
-1024.0,11,1 11001 0000000000,-4096.0,1 11011 0000000000,-4096.0,1 11011 0000000000,1
-1024.0,12,1 11001 0000000000,-16384.0,1 11101 0000000000,-16384.0,1 11101 0000000000,1
-1024.0,13,1 11001 0000000000,-4.0,1 10001 0000000000,-4.0,1 10001 0000000000,1
-1024.0,14,1 11001 0000000000,-0.015625,1 01001 0000000000,-0.015625,1 01001 0000000000,1
-1024.0,15,1 11001 0000000000,1024.0,0 11001 0000000000,1024.0,0 11001 0000000000,1
-512.0,0,1 11000 0000000000,-512.5,1 11000 0000000001,-512.5,1 11000 0000000001,1
-512.0,1,1 11000 0000000000,-513.0,1 11000 0000000010,-513.0,1 11000 0000000010,1
-512.0,2,1 11000 0000000000,-514.0,1 11000 0000000100,-514.0,1 11000 0000000100,1
-512.0,3,1 11000 0000000000,-516.0,1 11000 0000001000,-516.0,1 11000 0000001000,1
-512.0,4,1 11000 0000000000,-520.0,1 11000 0000010000,-520.0,1 11000 0000010000,1
-512.0,5,1 11000 0000000000,-528.0,1 11000 0000100000,-528.0,1 11000 0000100000,1
-512.0,6,1 11000 0000000000,-544.0,1 11000 0001000000,-544.0,1 11000 0001000000,1
-512.0,7,1 11000 0000000000,-576.0,1 11000 0010000000,-576.0,1 11000 0010000000,1
-512.0,8,1 11000 0000000000,-640.0,1 11000 0100000000,-640.0,1 11000 0100000000,1
-512.0,9,1 11000 0000000000,-768.0,1 11000 1000000000,-768.0,1 11000 1000000000,1
-512.0,10,1 11000 0000000000,-1024.0,1 11001 0000000000,-1024.0,1 11001 0000000000,1
-512.0,11,1 11000 0000000000,-2048.0,1 11010 0000000000,-2048.0,1 11010 0000000000,1
-512.0,12,1 11000 0000000000,-8192.0,1 11100 0000000000,-8192.0,1 11100 0000000000,1
-512.0,13,1 11000 0000000000,-2.0,1 10000 0000000000,-2.0,1 10000 0000000000,1
-512.0,14,1 11000 0000000000,-0.0078125,1 01000 0000000000,-0.0078125,1 01000 0000000000,1
-512.0,15,1 11000 0000000000,512.0,0 11000 0000000000,512.0,0 11000 0000000000,1
-256.0,0,1 10111 0000000000,-256.25,1 10111 0000000001,-256.25,1 10111 0000000001,1
-256.0,1,1 10111 0000000000,-256.5,1 10111 0000000010,-256.5,1 10111 0000000010,1
-256.0,2,1 10111 0000000000,-257.0,1 10111 0000000100,-257.0,1 10111 0000000100,1
-256.0,3,1 10111 0000000000,-258.0,1 10111 0000001000,-258.0,1 10111 0000001000,1
-256.0,4,1 10111 0000000000,-260.0,1 10111 0000010000,-260.0,1 10111 0000010000,1
-256.0,5,1 10111 0000000000,-264.0,1 10111 0000100000,-264.0,1 10111 0000100000,1
-256.0,6,1 10111 0000000000,-272.0,1 10111 0001000000,-272.0,1 10111 0001000000,1
-256.0,7,1 10111 0000000000,-288.0,1 10111 0010000000,-288.0,1 10111 0010000000,1
-256.0,8,1 10111 0000000000,-320.0,1 10111 0100000000,-320.0,1 10111 0100000000,1
-256.0,9,1 10111 0000000000,-384.0,1 10111 1000000000,-384.0,1 10111 1000000000,1
-256.0,10,1 10111 0000000000,-128.0,1 10110 0000000000,-128.0,1 10110 0000000000,1
-256.0,11,1 10111 0000000000,-64.0,1 10101 0000000000,-64.0,1 10101 0000000000,1
-256.0,12,1 10111 0000000000,-16.0,1 10011 0000000000,-16.0,1 10011 0000000000,1
-256.0,13,1 10111 0000000000,-inf,1 11111 0000000000,-inf,1 11111 0000000000,1
-256.0,14,1 10111 0000000000,-0.00390625,1 00111 0000000000,-0.00390625,1 00111 0000000000,1
-256.0,15,1 10111 0000000000,256.0,0 10111 0000000000,256.0,0 10111 0000000000,1
-128.0,0,1 10110 0000000000,-128.125,1 10110 0000000001,-128.125,1 10110 0000000001,1
-128.0,1,1 10110 0000000000,-128.25,1 10110 0000000010,-128.25,1 10110 0000000010,1
-128.0,2,1 10110 0000000000,-128.5,1 10110 0000000100,-128.5,1 10110 0000000100,1
-128.0,3,1 10110 0000000000,-129.0,1 10110 0000001000,-129.0,1 10110 0000001000,1
-128.0,4,1 10110 0000000000,-130.0,1 10110 0000010000,-130.0,1 10110 0000010000,1
-128.0,5,1 10110 0000000000,-132.0,1 10110 0000100000,-132.0,1 10110 0000100000,1
-128.0,6,1 10110 0000000000,-136.0,1 10110 0001000000,-136.0,1 10110 0001000000,1
-128.0,7,1 10110 0000000000,-144.0,1 10110 0010000000,-144.0,1 10110 0010000000,1
-128.0,8,1 10110 0000000000,-160.0,1 10110 0100000000,-160.0,1 10110 0100000000,1
-128.0,9,1 10110 0000000000,-192.0,1 10110 1000000000,-192.0,1 10110 1000000000,1
-128.0,10,1 10110 0000000000,-256.0,1 10111 0000000000,-256.0,1 10111 0000000000,1
-128.0,11,1 10110 0000000000,-32.0,1 10100 0000000000,-32.0,1 10100 0000000000,1
-128.0,12,1 10110 0000000000,-8.0,1 10010 0000000000,-8.0,1 10010 0000000000,1
-128.0,13,1 10110 0000000000,-32768.0,1 11110 0000000000,-32768.0,1 11110 0000000000,1
-128.0,14,1 10110 0000000000,-0.001953125,1 00110 0000000000,-0.001953125,1 00110 0000000000,1
-128.0,15,1 10110 0000000000,128.0,0 10110 0000000000,128.0,0 10110 0000000000,1
-64.0,0,1 10101 0000000000,-64.0625,1 10101 0000000001,-64.0625,1 10101 0000000001,1
-64.0,1,1 10101 0000000000,-64.125,1 10101 0000000010,-64.125,1 10101 0000000010,1
-64.0,2,1 10101 0000000000,-64.25,1 10101 0000000100,-64.25,1 10101 0000000100,1
-64.0,3,1 10101 0000000000,-64.5,1 10101 0000001000,-64.5,1 10101 0000001000,1
-64.0,4,1 10101 0000000000,-65.0,1 10101 0000010000,-65.0,1 10101 0000010000,1
-64.0,5,1 10101 0000000000,-66.0,1 10101 0000100000,-66.0,1 10101 0000100000,1
-64.0,6,1 10101 0000000000,-68.0,1 10101 0001000000,-68.0,1 10101 0001000000,1
-64.0,7,1 10101 0000000000,-72.0,1 10101 0010000000,-72.0,1 10101 0010000000,1
-64.0,8,1 10101 0000000000,-80.0,1 10101 0100000000,-80.0,1 10101 0100000000,1
-64.0,9,1 10101 0000000000,-96.0,1 10101 1000000000,-96.0,1 10101 1000000000,1
-64.0,10,1 10101 0000000000,-32.0,1 10100 0000000000,-32.0,1 10100 0000000000,1
-64.0,11,1 10101 0000000000,-256.0,1 10111 0000000000,-256.0,1 10111 0000000000,1
-64.0,12,1 10101 0000000000,-4.0,1 10001 0000000000,-4.0,1 10001 0000000000,1
-64.0,13,1 10101 0000000000,-16384.0,1 11101 0000000000,-16384.0,1 11101 0000000000,1
-64.0,14,1 10101 0000000000,-0.0009765625,1 00101 0000000000,-0.0009765625,1 00101 0000000000,1
-64.0,15,1 10101 0000000000,64.0,0 10101 0000000000,64.0,0 10101 0000000000,1
-32.0,0,1 10100 0000000000,-32.03125,1 10100 0000000001,-32.03125,1 10100 0000000001,1
-32.0,1,1 10100 0000000000,-32.0625,1 10100 0000000010,-32.0625,1 10100 0000000010,1
-32.0,2,1 10100 0000000000,-32.125,1 10100 0000000100,-32.125,1 10100 0000000100,1
-32.0,3,1 10100 0000000000,-32.25,1 10100 0000001000,-32.25,1 10100 0000001000,1
-32.0,4,1 10100 0000000000,-32.5,1 10100 0000010000,-32.5,1 10100 0000010000,1
-32.0,5,1 10100 0000000000,-33.0,1 10100 0000100000,-33.0,1 10100 0000100000,1
-32.0,6,1 10100 0000000000,-34.0,1 10100 0001000000,-34.0,1 10100 0001000000,1
-32.0,7,1 10100 0000000000,-36.0,1 10100 0010000000,-36.0,1 10100 0010000000,1
-32.0,8,1 10100 0000000000,-40.0,1 10100 0100000000,-40.0,1 10100 0100000000,1
-32.0,9,1 10100 0000000000,-48.0,1 10100 1000000000,-48.0,1 10100 1000000000,1
-32.0,10,1 10100 0000000000,-64.0,1 10101 0000000000,-64.0,1 10101 0000000000,1
-32.0,11,1 10100 0000000000,-128.0,1 10110 0000000000,-128.0,1 10110 0000000000,1
-32.0,12,1 10100 0000000000,-2.0,1 10000 0000000000,-2.0,1 10000 0000000000,1
-32.0,13,1 10100 0000000000,-8192.0,1 11100 0000000000,-8192.0,1 11100 0000000000,1
-32.0,14,1 10100 0000000000,-0.00048828125,1 00100 0000000000,-0.00048828125,1 00100 0000000000,1
-32.0,15,1 10100 0000000000,32.0,0 10100 0000000000,32.0,0 10100 0000000000,1
-16.0,0,1 10011 0000000000,-16.015625,1 10011 0000000001,-16.015625,1 10011 0000000001,1
-16.0,1,1 10011 0000000000,-16.03125,1 10011 0000000010,-16.03125,1 10011 0000000010,1
-16.0,2,1 10011 0000000000,-16.0625,1 10011 0000000100,-16.0625,1 10011 0000000100,1
-16.0,3,1 10011 0000000000,-16.125,1 10011 0000001000,-16.125,1 10011 0000001000,1
-16.0,4,1 10011 0000000000,-16.25,1 10011 0000010000,-16.25,1 10011 0000010000,1
-16.0,5,1 10011 0000000000,-16.5,1 10011 0000100000,-16.5,1 10011 0000100000,1
-16.0,6,1 10011 0000000000,-17.0,1 10011 0001000000,-17.0,1 10011 0001000000,1
-16.0,7,1 10011 0000000000,-18.0,1 10011 0010000000,-18.0,1 10011 0010000000,1
-16.0,8,1 10011 0000000000,-20.0,1 10011 0100000000,-20.0,1 10011 0100000000,1
-16.0,9,1 10011 0000000000,-24.0,1 10011 1000000000,-24.0,1 10011 1000000000,1
-16.0,10,1 10011 0000000000,-8.0,1 10010 0000000000,-8.0,1 10010 0000000000,1
-16.0,11,1 10011 0000000000,-4.0,1 10001 0000000000,-4.0,1 10001 0000000000,1
-16.0,12,1 10011 0000000000,-256.0,1 10111 0000000000,-256.0,1 10111 0000000000,1
-16.0,13,1 10011 0000000000,-4096.0,1 11011 0000000000,-4096.0,1 11011 0000000000,1
-16.0,14,1 10011 0000000000,-0.000244140625,1 00011 0000000000,-0.000244140625,1 00011 0000000000,1
-16.0,15,1 10011 0000000000,16.0,0 10011 0000000000,16.0,0 10011 0000000000,1
-8.0,0,1 10010 0000000000,-8.0078125,1 10010 0000000001,-8.0078125,1 10010 0000000001,1
-8.0,1,1 10010 0000000000,-8.015625,1 10010 0000000010,-8.015625,1 10010 0000000010,1
-8.0,2,1 10010 0000000000,-8.03125,1 10010 0000000100,-8.03125,1 10010 0000000100,1
-8.0,3,1 10010 0000000000,-8.0625,1 10010 0000001000,-8.0625,1 10010 0000001000,1
-8.0,4,1 10010 0000000000,-8.125,1 10010 0000010000,-8.125,1 10010 0000010000,1
-8.0,5,1 10010 0000000000,-8.25,1 10010 0000100000,-8.25,1 10010 0000100000,1
-8.0,6,1 10010 0000000000,-8.5,1 10010 0001000000,-8.5,1 10010 0001000000,1
-8.0,7,1 10010 0000000000,-9.0,1 10010 0010000000,-9.0,1 10010 0010000000,1
-8.0,8,1 10010 0000000000,-10.0,1 10010 0100000000,-10.0,1 10010 0100000000,1
-8.0,9,1 10010 0000000000,-12.0,1 10010 1000000000,-12.0,1 10010 1000000000,1
-8.0,10,1 10010 0000000000,-16.0,1 10011 0000000000,-16.0,1 10011 0000000000,1
-8.0,11,1 10010 0000000000,-2.0,1 10000 0000000000,-2.0,1 10000 0000000000,1
-8.0,12,1 10010 0000000000,-128.0,1 10110 0000000000,-128.0,1 10110 0000000000,1
-8.0,13,1 10010 0000000000,-2048.0,1 11010 0000000000,-2048.0,1 11010 0000000000,1
-8.0,14,1 10010 0000000000,-0.0001220703125,1 00010 0000000000,-0.0001220703125,1 00010 0000000000,1
-8.0,15,1 10010 0000000000,8.0,0 10010 0000000000,8.0,0 10010 0000000000,1
-4.0,0,1 10001 0000000000,-4.00390625,1 10001 0000000001,-4.00390625,1 10001 0000000001,1
-4.0,1,1 10001 0000000000,-4.0078125,1 10001 0000000010,-4.0078125,1 10001 0000000010,1
-4.0,2,1 10001 0000000000,-4.015625,1 10001 0000000100,-4.015625,1 10001 0000000100,1
-4.0,3,1 10001 0000000000,-4.03125,1 10001 0000001000,-4.03125,1 10001 0000001000,1
-4.0,4,1 10001 0000000000,-4.0625,1 10001 0000010000,-4.0625,1 10001 0000010000,1
-4.0,5,1 10001 0000000000,-4.125,1 10001 0000100000,-4.125,1 10001 0000100000,1
-4.0,6,1 10001 0000000000,-4.25,1 10001 0001000000,-4.25,1 10001 0001000000,1
-4.0,7,1 10001 0000000000,-4.5,1 10001 0010000000,-4.5,1 10001 0010000000,1
-4.0,8,1 10001 0000000000,-5.0,1 10001 0100000000,-5.0,1 10001 0100000000,1
-4.0,9,1 10001 0000000000,-6.0,1 10001 1000000000,-6.0,1 10001 1000000000,1
-4.0,10,1 10001 0000000000,-2.0,1 10000 0000000000,-2.0,1 10000 0000000000,1
-4.0,11,1 10001 0000000000,-16.0,1 10011 0000000000,-16.0,1 10011 0000000000,1
-4.0,12,1 10001 0000000000,-64.0,1 10101 0000000000,-64.0,1 10101 0000000000,1
-4.0,13,1 10001 0000000000,-1024.0,1 11001 0000000000,-1024.0,1 11001 0000000000,1
-4.0,14,1 10001 0000000000,-6.103515625e-05,1 00001 0000000000,-6.103515625e-05,1 00001 0000000000,1
-4.0,15,1 10001 0000000000,4.0,0 10001 0000000000,4.0,0 10001 0000000000,1
-2.0,0,1 10000 0000000000,-2.001953125,1 10000 0000000001,-2.001953125,1 10000 0000000001,1
-2.0,1,1 10000 0000000000,-2.00390625,1 10000 0000000010,-2.00390625,1 10000 0000000010,1
-2.0,2,1 10000 0000000000,-2.0078125,1 10000 0000000100,-2.0078125,1 10000 0000000100,1
-2.0,3,1 10000 0000000000,-2.015625,1 10000 0000001000,-2.015625,1 10000 0000001000,1
-2.0,4,1 10000 0000000000,-2.03125,1 10000 0000010000,-2.03125,1 10000 0000010000,1
-2.0,5,1 10000 0000000000,-2.0625,1 10000 0000100000,-2.0625,1 10000 0000100000,1
-2.0,6,1 10000 0000000000,-2.125,1 10000 0001000000,-2.125,1 10000 0001000000,1
-2.0,7,1 10000 0000000000,-2.25,1 10000 0010000000,-2.25,1 10000 0010000000,1
-2.0,8,1 10000 0000000000,-2.5,1 10000 0100000000,-2.5,1 10000 0100000000,1
-2.0,9,1 10000 0000000000,-3.0,1 10000 1000000000,-3.0,1 10000 1000000000,1
-2.0,10,1 10000 0000000000,-4.0,1 10001 0000000000,-4.0,1 10001 0000000000,1
-2.0,11,1 10000 0000000000,-8.0,1 10010 0000000000,-8.0,1 10010 0000000000,1
-2.0,12,1 10000 0000000000,-32.0,1 10100 0000000000,-32.0,1 10100 0000000000,1
-2.0,13,1 10000 0000000000,-512.0,1 11000 0000000000,-512.0,1 11000 0000000000,1
-2.0,14,1 10000 0000000000,-3.0517578125e-05,1 00000 1000000000,-0.0,1 00000 0000000000,0
-2.0,15,1 10000 0000000000,2.0,0 10000 0000000000,2.0,0 10000 0000000000,1
-1.0,0,1 01111 0000000000,-1.0009765625,1 01111 0000000001,-1.0009765625,1 01111 0000000001,1
-1.0,1,1 01111 0000000000,-1.001953125,1 01111 0000000010,-1.001953125,1 01111 0000000010,1
-1.0,2,1 01111 0000000000,-1.00390625,1 01111 0000000100,-1.00390625,1 01111 0000000100,1
-1.0,3,1 01111 0000000000,-1.0078125,1 01111 0000001000,-1.0078125,1 01111 0000001000,1
-1.0,4,1 01111 0000000000,-1.015625,1 01111 0000010000,-1.015625,1 01111 0000010000,1
-1.0,5,1 01111 0000000000,-1.03125,1 01111 0000100000,-1.03125,1 01111 0000100000,1
-1.0,6,1 01111 0000000000,-1.0625,1 01111 0001000000,-1.0625,1 01111 0001000000,1
-1.0,7,1 01111 0000000000,-1.125,1 01111 0010000000,-1.125,1 01111 0010000000,1
-1.0,8,1 01111 0000000000,-1.25,1 01111 0100000000,-1.25,1 01111 0100000000,1
-1.0,9,1 01111 0000000000,-1.5,1 01111 1000000000,-1.5,1 01111 1000000000,1
-1.0,10,1 01111 0000000000,-0.5,1 01110 0000000000,-0.5,1 01110 0000000000,1
-1.0,11,1 01111 0000000000,-0.25,1 01101 0000000000,-0.25,1 01101 0000000000,1
-1.0,12,1 01111 0000000000,-0.0625,1 01011 0000000000,-0.0625,1 01011 0000000000,1
-1.0,13,1 01111 0000000000,-0.00390625,1 00111 0000000000,-0.00390625,1 00111 0000000000,1
-1.0,14,1 01111 0000000000,-inf,1 11111 0000000000,-inf,1 11111 0000000000,1
-1.0,15,1 01111 0000000000,1.0,0 01111 0000000000,1.0,0 01111 0000000000,1
-0.5,0,1 01110 0000000000,-0.5,1 01110 0000000000,-0.50048828125,1 01110 0000000001,0
-0.5,1,1 01110 0000000000,-0.50048828125,1 01110 0000000001,-0.5009765625,1 01110 0000000010,0
-0.5,2,1 01110 0000000000,-0.5009765625,1 01110 0000000010,-0.501953125,1 01110 0000000100,0
-0.5,3,1 01110 0000000000,-0.501953125,1 01110 0000000100,-0.50390625,1 01110 0000001000,0
-0.5,4,1 01110 0000000000,-0.50390625,1 01110 0000001000,-0.5078125,1 01110 0000010000,0
-0.5,5,1 01110 0000000000,-0.5078125,1 01110 0000010000,-0.515625,1 01110 0000100000,0
-0.5,6,1 01110 0000000000,-0.515625,1 01110 0000100000,-0.53125,1 01110 0001000000,0
-0.5,7,1 01110 0000000000,-0.53125,1 01110 0001000000,-0.5625,1 01110 0010000000,0
-0.5,8,1 01110 0000000000,-0.5625,1 01110 0010000000,-0.625,1 01110 0100000000,0
-0.5,9,1 01110 0000000000,-0.625,1 01110 0100000000,-0.75,1 01110 1000000000,0
-0.5,10,1 01110 0000000000,-0.25,1 01101 0000000000,-1.0,1 01111 0000000000,0
-0.5,11,1 01110 0000000000,-2.0,1 10000 0000000000,-0.125,1 01100 0000000000,0
-0.5,12,1 01110 0000000000,-0.03125,1 01010 0000000000,-0.03125,1 01010 0000000000,1
-0.5,13,1 01110 0000000000,-0.001953125,1 00110 0000000000,-0.001953125,1 00110 0000000000,1
-0.5,14,1 01110 0000000000,-32768.0,1 11110 0000000000,-32768.0,1 11110 0000000000,1
-0.5,15,1 01110 0000000000,0.5,0 01110 0000000000,0.5,0 01110 0000000000,1
-0.25,0,1 01101 0000000000,-0.25,1 01101 0000000000,-0.250244140625,1 01101 0000000001,0
-0.25,1,1 01101 0000000000,-0.250244140625,1 01101 0000000001,-0.25048828125,1 01101 0000000010,0
-0.25,2,1 01101 0000000000,-0.25048828125,1 01101 0000000010,-0.2509765625,1 01101 0000000100,0
-0.25,3,1 01101 0000000000,-0.2509765625,1 01101 0000000100,-0.251953125,1 01101 0000001000,0
-0.25,4,1 01101 0000000000,-0.251953125,1 01101 0000001000,-0.25390625,1 01101 0000010000,0
-0.25,5,1 01101 0000000000,-0.25390625,1 01101 0000010000,-0.2578125,1 01101 0000100000,0
-0.25,6,1 01101 0000000000,-0.2578125,1 01101 0000100000,-0.265625,1 01101 0001000000,0
-0.25,7,1 01101 0000000000,-0.265625,1 01101 0001000000,-0.28125,1 01101 0010000000,0
-0.25,8,1 01101 0000000000,-0.28125,1 01101 0010000000,-0.3125,1 01101 0100000000,0
-0.25,9,1 01101 0000000000,-0.3125,1 01101 0100000000,-0.375,1 01101 1000000000,0
-0.25,10,1 01101 0000000000,-0.5,1 01110 0000000000,-0.125,1 01100 0000000000,0
-0.25,11,1 01101 0000000000,-1.0,1 01111 0000000000,-1.0,1 01111 0000000000,1
-0.25,12,1 01101 0000000000,-0.015625,1 01001 0000000000,-0.015625,1 01001 0000000000,1
-0.25,13,1 01101 0000000000,-0.0009765625,1 00101 0000000000,-0.0009765625,1 00101 0000000000,1
-0.25,14,1 01101 0000000000,-16384.0,1 11101 0000000000,-16384.0,1 11101 0000000000,1
-0.25,15,1 01101 0000000000,0.25,0 01101 0000000000,0.25,0 01101 0000000000,1
-0.125,0,1 01100 0000000000,-0.125,1 01100 0000000000,-0.1251220703125,1 01100 0000000001,0
-0.125,1,1 01100 0000000000,-0.1251220703125,1 01100 0000000001,-0.125244140625,1 01100 0000000010,0
-0.125,2,1 01100 0000000000,-0.125244140625,1 01100 0000000010,-0.12548828125,1 01100 0000000100,0
-0.125,3,1 01100 0000000000,-0.12548828125,1 01100 0000000100,-0.1259765625,1 01100 0000001000,0
-0.125,4,1 01100 0000000000,-0.1259765625,1 01100 0000001000,-0.126953125,1 01100 0000010000,0
-0.125,5,1 01100 0000000000,-0.126953125,1 01100 0000010000,-0.12890625,1 01100 0000100000,0
-0.125,6,1 01100 0000000000,-0.12890625,1 01100 0000100000,-0.1328125,1 01100 0001000000,0
-0.125,7,1 01100 0000000000,-0.1328125,1 01100 0001000000,-0.140625,1 01100 0010000000,0
-0.125,8,1 01100 0000000000,-0.140625,1 01100 0010000000,-0.15625,1 01100 0100000000,0
-0.125,9,1 01100 0000000000,-0.15625,1 01100 0100000000,-0.1875,1 01100 1000000000,0
-0.125,10,1 01100 0000000000,-0.0625,1 01011 0000000000,-0.25,1 01101 0000000000,0
-0.125,11,1 01100 0000000000,-0.03125,1 01010 0000000000,-0.5,1 01110 0000000000,0
-0.125,12,1 01100 0000000000,-2.0,1 10000 0000000000,-0.0078125,1 01000 0000000000,0
-0.125,13,1 01100 0000000000,-0.00048828125,1 00100 0000000000,-0.00048828125,1 00100 0000000000,1
-0.125,14,1 01100 0000000000,-8192.0,1 11100 0000000000,-8192.0,1 11100 0000000000,1
-0.125,15,1 01100 0000000000,0.125,0 01100 0000000000,0.125,0 01100 0000000000,1
-0.0625,0,1 01011 0000000000,-0.0625,1 01011 0000000000,-0.06256103515625,1 01011 0000000001,0
-0.0625,1,1 01011 0000000000,-0.06256103515625,1 01011 0000000001,-0.0626220703125,1 01011 0000000010,0
-0.0625,2,1 01011 0000000000,-0.0626220703125,1 01011 0000000010,-0.062744140625,1 01011 0000000100,0
-0.0625,3,1 01011 0000000000,-0.062744140625,1 01011 0000000100,-0.06298828125,1 01011 0000001000,0
-0.0625,4,1 01011 0000000000,-0.06298828125,1 01011 0000001000,-0.0634765625,1 01011 0000010000,0
-0.0625,5,1 01011 0000000000,-0.0634765625,1 01011 0000010000,-0.064453125,1 01011 0000100000,0
-0.0625,6,1 01011 0000000000,-0.064453125,1 01011 0000100000,-0.06640625,1 01011 0001000000,0
-0.0625,7,1 01011 0000000000,-0.06640625,1 01011 0001000000,-0.0703125,1 01011 0010000000,0
-0.0625,8,1 01011 0000000000,-0.0703125,1 01011 0010000000,-0.078125,1 01011 0100000000,0
-0.0625,9,1 01011 0000000000,-0.078125,1 01011 0100000000,-0.09375,1 01011 1000000000,0
-0.0625,10,1 01011 0000000000,-0.125,1 01100 0000000000,-0.03125,1 01010 0000000000,0
-0.0625,11,1 01011 0000000000,-0.015625,1 01001 0000000000,-0.015625,1 01001 0000000000,1
-0.0625,12,1 01011 0000000000,-1.0,1 01111 0000000000,-1.0,1 01111 0000000000,1
-0.0625,13,1 01011 0000000000,-0.000244140625,1 00011 0000000000,-0.000244140625,1 00011 0000000000,1
-0.0625,14,1 01011 0000000000,-4096.0,1 11011 0000000000,-4096.0,1 11011 0000000000,1
-0.0625,15,1 01011 0000000000,0.0625,0 01011 0000000000,0.0625,0 01011 0000000000,1
-0.03125,0,1 01010 0000000000,-0.03125,1 01010 0000000000,-0.031280517578125,1 01010 0000000001,0
-0.03125,1,1 01010 0000000000,-0.031280517578125,1 01010 0000000001,-0.03131103515625,1 01010 0000000010,0
-0.03125,2,1 01010 0000000000,-0.03131103515625,1 01010 0000000010,-0.0313720703125,1 01010 0000000100,0
-0.03125,3,1 01010 0000000000,-0.0313720703125,1 01010 0000000100,-0.031494140625,1 01010 0000001000,0
-0.03125,4,1 01010 0000000000,-0.031494140625,1 01010 0000001000,-0.03173828125,1 01010 0000010000,0
-0.03125,5,1 01010 0000000000,-0.03173828125,1 01010 0000010000,-0.0322265625,1 01010 0000100000,0
-0.03125,6,1 01010 0000000000,-0.0322265625,1 01010 0000100000,-0.033203125,1 01010 0001000000,0
-0.03125,7,1 01010 0000000000,-0.033203125,1 01010 0001000000,-0.03515625,1 01010 0010000000,0
-0.03125,8,1 01010 0000000000,-0.03515625,1 01010 0010000000,-0.0390625,1 01010 0100000000,0
-0.03125,9,1 01010 0000000000,-0.0390625,1 01010 0100000000,-0.046875,1 01010 1000000000,0
-0.03125,10,1 01010 0000000000,-0.015625,1 01001 0000000000,-0.0625,1 01011 0000000000,0
-0.03125,11,1 01010 0000000000,-0.125,1 01100 0000000000,-0.0078125,1 01000 0000000000,0
-0.03125,12,1 01010 0000000000,-0.5,1 01110 0000000000,-0.5,1 01110 0000000000,1
-0.03125,13,1 01010 0000000000,-0.0001220703125,1 00010 0000000000,-0.0001220703125,1 00010 0000000000,1
-0.03125,14,1 01010 0000000000,-2048.0,1 11010 0000000000,-2048.0,1 11010 0000000000,1
-0.03125,15,1 01010 0000000000,0.03125,0 01010 0000000000,0.03125,0 01010 0000000000,1
-0.015625,0,1 01001 0000000000,-0.015625,1 01001 0000000000,-0.0156402587890625,1 01001 0000000001,0
-0.015625,1,1 01001 0000000000,-0.0156402587890625,1 01001 0000000001,-0.015655517578125,1 01001 0000000010,0
-0.015625,2,1 01001 0000000000,-0.015655517578125,1 01001 0000000010,-0.01568603515625,1 01001 0000000100,0
-0.015625,3,1 01001 0000000000,-0.01568603515625,1 01001 0000000100,-0.0157470703125,1 01001 0000001000,0
-0.015625,4,1 01001 0000000000,-0.0157470703125,1 01001 0000001000,-0.015869140625,1 01001 0000010000,0
-0.015625,5,1 01001 0000000000,-0.015869140625,1 01001 0000010000,-0.01611328125,1 01001 0000100000,0
-0.015625,6,1 01001 0000000000,-0.01611328125,1 01001 0000100000,-0.0166015625,1 01001 0001000000,0
-0.015625,7,1 01001 0000000000,-0.0166015625,1 01001 0001000000,-0.017578125,1 01001 0010000000,0
-0.015625,8,1 01001 0000000000,-0.017578125,1 01001 0010000000,-0.01953125,1 01001 0100000000,0
-0.015625,9,1 01001 0000000000,-0.01953125,1 01001 0100000000,-0.0234375,1 01001 1000000000,0
-0.015625,10,1 01001 0000000000,-0.03125,1 01010 0000000000,-0.0078125,1 01000 0000000000,0
-0.015625,11,1 01001 0000000000,-0.0625,1 01011 0000000000,-0.0625,1 01011 0000000000,1
-0.015625,12,1 01001 0000000000,-0.25,1 01101 0000000000,-0.25,1 01101 0000000000,1
-0.015625,13,1 01001 0000000000,-6.103515625e-05,1 00001 0000000000,-6.103515625e-05,1 00001 0000000000,1
-0.015625,14,1 01001 0000000000,-1024.0,1 11001 0000000000,-1024.0,1 11001 0000000000,1
-0.015625,15,1 01001 0000000000,0.015625,0 01001 0000000000,0.015625,0 01001 0000000000,1
-0.0078125,0,1 01000 0000000000,-0.0078125,1 01000 0000000000,-0.00782012939453125,1 01000 0000000001,0
-0.0078125,1,1 01000 0000000000,-0.00782012939453125,1 01000 0000000001,-0.0078277587890625,1 01000 0000000010,0
-0.0078125,2,1 01000 0000000000,-0.0078277587890625,1 01000 0000000010,-0.007843017578125,1 01000 0000000100,0
-0.0078125,3,1 01000 0000000000,-0.007843017578125,1 01000 0000000100,-0.00787353515625,1 01000 0000001000,0
-0.0078125,4,1 01000 0000000000,-0.00787353515625,1 01000 0000001000,-0.0079345703125,1 01000 0000010000,0
-0.0078125,5,1 01000 0000000000,-0.0079345703125,1 01000 0000010000,-0.008056640625,1 01000 0000100000,0
-0.0078125,6,1 01000 0000000000,-0.008056640625,1 01000 0000100000,-0.00830078125,1 01000 0001000000,0
-0.0078125,7,1 01000 0000000000,-0.00830078125,1 01000 0001000000,-0.0087890625,1 01000 0010000000,0
-0.0078125,8,1 01000 0000000000,-0.0087890625,1 01000 0010000000,-0.009765625,1 01000 0100000000,0
-0.0078125,9,1 01000 0000000000,-0.009765625,1 01000 0100000000,-0.01171875,1 01000 1000000000,0
-0.0078125,10,1 01000 0000000000,-0.00390625,1 00111 0000000000,-0.015625,1 01001 0000000000,0
-0.0078125,11,1 01000 0000000000,-0.001953125,1 00110 0000000000,-0.03125,1 01010 0000000000,0
-0.0078125,12,1 01000 0000000000,-0.00048828125,1 00100 0000000000,-0.125,1 01100 0000000000,0
-0.0078125,13,1 01000 0000000000,-2.0,1 10000 0000000000,-0.0,1 00000 0000000000,0
-0.0078125,14,1 01000 0000000000,-512.0,1 11000 0000000000,-512.0,1 11000 0000000000,1
-0.0078125,15,1 01000 0000000000,0.0078125,0 01000 0000000000,0.0078125,0 01000 0000000000,1
-0.00390625,0,1 00111 0000000000,-0.00390625,1 00111 0000000000,-0.003910064697265625,1 00111 0000000001,0
-0.00390625,1,1 00111 0000000000,-0.003910064697265625,1 00111 0000000001,-0.00391387939453125,1 00111 0000000010,0
-0.00390625,2,1 00111 0000000000,-0.00391387939453125,1 00111 0000000010,-0.0039215087890625,1 00111 0000000100,0
-0.00390625,3,1 00111 0000000000,-0.0039215087890625,1 00111 0000000100,-0.003936767578125,1 00111 0000001000,0
-0.00390625,4,1 00111 0000000000,-0.003936767578125,1 00111 0000001000,-0.00396728515625,1 00111 0000010000,0
-0.00390625,5,1 00111 0000000000,-0.00396728515625,1 00111 0000010000,-0.0040283203125,1 00111 0000100000,0
-0.00390625,6,1 00111 0000000000,-0.0040283203125,1 00111 0000100000,-0.004150390625,1 00111 0001000000,0
-0.00390625,7,1 00111 0000000000,-0.004150390625,1 00111 0001000000,-0.00439453125,1 00111 0010000000,0
-0.00390625,8,1 00111 0000000000,-0.00439453125,1 00111 0010000000,-0.0048828125,1 00111 0100000000,0
-0.00390625,9,1 00111 0000000000,-0.0048828125,1 00111 0100000000,-0.005859375,1 00111 1000000000,0
-0.00390625,10,1 00111 0000000000,-0.0078125,1 01000 0000000000,-0.001953125,1 00110 0000000000,0
-0.00390625,11,1 00111 0000000000,-0.0009765625,1 00101 0000000000,-0.0009765625,1 00101 0000000000,1
-0.00390625,12,1 00111 0000000000,-0.000244140625,1 00011 0000000000,-0.000244140625,1 00011 0000000000,1
-0.00390625,13,1 00111 0000000000,-1.0,1 01111 0000000000,-1.0,1 01111 0000000000,1
-0.00390625,14,1 00111 0000000000,-256.0,1 10111 0000000000,-256.0,1 10111 0000000000,1
-0.00390625,15,1 00111 0000000000,0.00390625,0 00111 0000000000,0.00390625,0 00111 0000000000,1
-0.001953125,0,1 00110 0000000000,-0.001953125,1 00110 0000000000,-0.0019550323486328125,1 00110 0000000001,0
-0.001953125,1,1 00110 0000000000,-0.0019550323486328125,1 00110 0000000001,-0.001956939697265625,1 00110 0000000010,0
-0.001953125,2,1 00110 0000000000,-0.001956939697265625,1 00110 0000000010,-0.00196075439453125,1 00110 0000000100,0
-0.001953125,3,1 00110 0000000000,-0.00196075439453125,1 00110 0000000100,-0.0019683837890625,1 00110 0000001000,0
-0.001953125,4,1 00110 0000000000,-0.0019683837890625,1 00110 0000001000,-0.001983642578125,1 00110 0000010000,0
-0.001953125,5,1 00110 0000000000,-0.001983642578125,1 00110 0000010000,-0.00201416015625,1 00110 0000100000,0
-0.001953125,6,1 00110 0000000000,-0.00201416015625,1 00110 0000100000,-0.0020751953125,1 00110 0001000000,0
-0.001953125,7,1 00110 0000000000,-0.0020751953125,1 00110 0001000000,-0.002197265625,1 00110 0010000000,0
-0.001953125,8,1 00110 0000000000,-0.002197265625,1 00110 0010000000,-0.00244140625,1 00110 0100000000,0
-0.001953125,9,1 00110 0000000000,-0.00244140625,1 00110 0100000000,-0.0029296875,1 00110 1000000000,0
-0.001953125,10,1 00110 0000000000,-0.0009765625,1 00101 0000000000,-0.00390625,1 00111 0000000000,0
-0.001953125,11,1 00110 0000000000,-0.0078125,1 01000 0000000000,-0.00048828125,1 00100 0000000000,0
-0.001953125,12,1 00110 0000000000,-0.0001220703125,1 00010 0000000000,-0.0001220703125,1 00010 0000000000,1
-0.001953125,13,1 00110 0000000000,-0.5,1 01110 0000000000,-0.5,1 01110 0000000000,1
-0.001953125,14,1 00110 0000000000,-128.0,1 10110 0000000000,-128.0,1 10110 0000000000,1
-0.001953125,15,1 00110 0000000000,0.001953125,0 00110 0000000000,0.001953125,0 00110 0000000000,1
-0.0009765625,0,1 00101 0000000000,-0.0009765625,1 00101 0000000000,-0.0009775161743164062,1 00101 0000000001,0
-0.0009765625,1,1 00101 0000000000,-0.0009775161743164062,1 00101 0000000001,-0.0009784698486328125,1 00101 0000000010,0
-0.0009765625,2,1 00101 0000000000,-0.0009784698486328125,1 00101 0000000010,-0.000980377197265625,1 00101 0000000100,0
-0.0009765625,3,1 00101 0000000000,-0.000980377197265625,1 00101 0000000100,-0.00098419189453125,1 00101 0000001000,0
-0.0009765625,4,1 00101 0000000000,-0.00098419189453125,1 00101 0000001000,-0.0009918212890625,1 00101 0000010000,0
-0.0009765625,5,1 00101 0000000000,-0.0009918212890625,1 00101 0000010000,-0.001007080078125,1 00101 0000100000,0
-0.0009765625,6,1 00101 0000000000,-0.001007080078125,1 00101 0000100000,-0.00103759765625,1 00101 0001000000,0
-0.0009765625,7,1 00101 0000000000,-0.00103759765625,1 00101 0001000000,-0.0010986328125,1 00101 0010000000,0
-0.0009765625,8,1 00101 0000000000,-0.0010986328125,1 00101 0010000000,-0.001220703125,1 00101 0100000000,0
-0.0009765625,9,1 00101 0000000000,-0.001220703125,1 00101 0100000000,-0.00146484375,1 00101 1000000000,0
-0.0009765625,10,1 00101 0000000000,-0.001953125,1 00110 0000000000,-0.00048828125,1 00100 0000000000,0
-0.0009765625,11,1 00101 0000000000,-0.00390625,1 00111 0000000000,-0.00390625,1 00111 0000000000,1
-0.0009765625,12,1 00101 0000000000,-6.103515625e-05,1 00001 0000000000,-6.103515625e-05,1 00001 0000000000,1
-0.0009765625,13,1 00101 0000000000,-0.25,1 01101 0000000000,-0.25,1 01101 0000000000,1
-0.0009765625,14,1 00101 0000000000,-64.0,1 10101 0000000000,-64.0,1 10101 0000000000,1
-0.0009765625,15,1 00101 0000000000,0.0009765625,0 00101 0000000000,0.0009765625,0 00101 0000000000,1
-0.00048828125,0,1 00100 0000000000,-0.00048828125,1 00100 0000000000,-0.0004887580871582031,1 00100 0000000001,0
-0.00048828125,1,1 00100 0000000000,-0.0004887580871582031,1 00100 0000000001,-0.0004892349243164062,1 00100 0000000010,0
-0.00048828125,2,1 00100 0000000000,-0.0004892349243164062,1 00100 0000000010,-0.0004901885986328125,1 00100 0000000100,0
-0.00048828125,3,1 00100 0000000000,-0.0004901885986328125,1 00100 0000000100,-0.000492095947265625,1 00100 0000001000,0
-0.00048828125,4,1 00100 0000000000,-0.000492095947265625,1 00100 0000001000,-0.00049591064453125,1 00100 0000010000,0
-0.00048828125,5,1 00100 0000000000,-0.00049591064453125,1 00100 0000010000,-0.0005035400390625,1 00100 0000100000,0
-0.00048828125,6,1 00100 0000000000,-0.0005035400390625,1 00100 0000100000,-0.000518798828125,1 00100 0001000000,0
-0.00048828125,7,1 00100 0000000000,-0.000518798828125,1 00100 0001000000,-0.00054931640625,1 00100 0010000000,0
-0.00048828125,8,1 00100 0000000000,-0.00054931640625,1 00100 0010000000,-0.0006103515625,1 00100 0100000000,0
-0.00048828125,9,1 00100 0000000000,-0.0006103515625,1 00100 0100000000,-0.000732421875,1 00100 1000000000,0
-0.00048828125,10,1 00100 0000000000,-0.000244140625,1 00011 0000000000,-0.0009765625,1 00101 0000000000,0
-0.00048828125,11,1 00100 0000000000,-0.0001220703125,1 00010 0000000000,-0.001953125,1 00110 0000000000,0
-0.00048828125,12,1 00100 0000000000,-0.0078125,1 01000 0000000000,-0.0,1 00000 0000000000,0
-0.00048828125,13,1 00100 0000000000,-0.125,1 01100 0000000000,-0.125,1 01100 0000000000,1
-0.00048828125,14,1 00100 0000000000,-32.0,1 10100 0000000000,-32.0,1 10100 0000000000,1
-0.00048828125,15,1 00100 0000000000,0.00048828125,0 00100 0000000000,0.00048828125,0 00100 0000000000,1
-0.000244140625,0,1 00011 0000000000,-0.000244140625,1 00011 0000000000,-0.00024437904357910156,1 00011 0000000001,0
-0.000244140625,1,1 00011 0000000000,-0.00024437904357910156,1 00011 0000000001,-0.0002446174621582031,1 00011 0000000010,0
-0.000244140625,2,1 00011 0000000000,-0.0002446174621582031,1 00011 0000000010,-0.00024509429931640625,1 00011 0000000100,0
-0.000244140625,3,1 00011 0000000000,-0.00024509429931640625,1 00011 0000000100,-0.0002460479736328125,1 00011 0000001000,0
-0.000244140625,4,1 00011 0000000000,-0.0002460479736328125,1 00011 0000001000,-0.000247955322265625,1 00011 0000010000,0
-0.000244140625,5,1 00011 0000000000,-0.000247955322265625,1 00011 0000010000,-0.00025177001953125,1 00011 0000100000,0
-0.000244140625,6,1 00011 0000000000,-0.00025177001953125,1 00011 0000100000,-0.0002593994140625,1 00011 0001000000,0
-0.000244140625,7,1 00011 0000000000,-0.0002593994140625,1 00011 0001000000,-0.000274658203125,1 00011 0010000000,0
-0.000244140625,8,1 00011 0000000000,-0.000274658203125,1 00011 0010000000,-0.00030517578125,1 00011 0100000000,0
-0.000244140625,9,1 00011 0000000000,-0.00030517578125,1 00011 0100000000,-0.0003662109375,1 00011 1000000000,0
-0.000244140625,10,1 00011 0000000000,-0.00048828125,1 00100 0000000000,-0.0001220703125,1 00010 0000000000,0
-0.000244140625,11,1 00011 0000000000,-6.103515625e-05,1 00001 0000000000,-6.103515625e-05,1 00001 0000000000,1
-0.000244140625,12,1 00011 0000000000,-0.00390625,1 00111 0000000000,-0.00390625,1 00111 0000000000,1
-0.000244140625,13,1 00011 0000000000,-0.0625,1 01011 0000000000,-0.0625,1 01011 0000000000,1
-0.000244140625,14,1 00011 0000000000,-16.0,1 10011 0000000000,-16.0,1 10011 0000000000,1
-0.000244140625,15,1 00011 0000000000,0.000244140625,0 00011 0000000000,0.000244140625,0 00011 0000000000,1
-0.0001220703125,0,1 00010 0000000000,-0.0001220703125,1 00010 0000000000,-0.00012218952178955078,1 00010 0000000001,0
-0.0001220703125,1,1 00010 0000000000,-0.00012218952178955078,1 00010 0000000001,-0.00012230873107910156,1 00010 0000000010,0
-0.0001220703125,2,1 00010 0000000000,-0.00012230873107910156,1 00010 0000000010,-0.00012254714965820312,1 00010 0000000100,0
-0.0001220703125,3,1 00010 0000000000,-0.00012254714965820312,1 00010 0000000100,-0.00012302398681640625,1 00010 0000001000,0
-0.0001220703125,4,1 00010 0000000000,-0.00012302398681640625,1 00010 0000001000,-0.0001239776611328125,1 00010 0000010000,0
-0.0001220703125,5,1 00010 0000000000,-0.0001239776611328125,1 00010 0000010000,-0.000125885009765625,1 00010 0000100000,0
-0.0001220703125,6,1 00010 0000000000,-0.000125885009765625,1 00010 0000100000,-0.00012969970703125,1 00010 0001000000,0
-0.0001220703125,7,1 00010 0000000000,-0.00012969970703125,1 00010 0001000000,-0.0001373291015625,1 00010 0010000000,0
-0.0001220703125,8,1 00010 0000000000,-0.0001373291015625,1 00010 0010000000,-0.000152587890625,1 00010 0100000000,0
-0.0001220703125,9,1 00010 0000000000,-0.000152587890625,1 00010 0100000000,-0.00018310546875,1 00010 1000000000,0
-0.0001220703125,10,1 00010 0000000000,-6.103515625e-05,1 00001 0000000000,-0.000244140625,1 00011 0000000000,0
-0.0001220703125,11,1 00010 0000000000,-0.00048828125,1 00100 0000000000,-0.0,1 00000 0000000000,0
-0.0001220703125,12,1 00010 0000000000,-0.001953125,1 00110 0000000000,-0.001953125,1 00110 0000000000,1
-0.0001220703125,13,1 00010 0000000000,-0.03125,1 01010 0000000000,-0.03125,1 01010 0000000000,1
-0.0001220703125,14,1 00010 0000000000,-8.0,1 10010 0000000000,-8.0,1 10010 0000000000,1
-0.0001220703125,15,1 00010 0000000000,0.0001220703125,0 00010 0000000000,0.0001220703125,0 00010 0000000000,1
-6.103515625e-05,0,1 00001 0000000000,-6.103515625e-05,1 00001 0000000000,-6.109476089477539e-05,1 00001 0000000001,0
-6.103515625e-05,1,1 00001 0000000000,-6.109476089477539e-05,1 00001 0000000001,-6.115436553955078e-05,1 00001 0000000010,0
-6.103515625e-05,2,1 00001 0000000000,-6.115436553955078e-05,1 00001 0000000010,-6.127357482910156e-05,1 00001 0000000100,0
-6.103515625e-05,3,1 00001 0000000000,-6.127357482910156e-05,1 00001 0000000100,-6.151199340820312e-05,1 00001 0000001000,0
-6.103515625e-05,4,1 00001 0000000000,-6.151199340820312e-05,1 00001 0000001000,-6.198883056640625e-05,1 00001 0000010000,0
-6.103515625e-05,5,1 00001 0000000000,-6.198883056640625e-05,1 00001 0000010000,-6.29425048828125e-05,1 00001 0000100000,0
-6.103515625e-05,6,1 00001 0000000000,-6.29425048828125e-05,1 00001 0000100000,-6.4849853515625e-05,1 00001 0001000000,0
-6.103515625e-05,7,1 00001 0000000000,-6.4849853515625e-05,1 00001 0001000000,-6.866455078125e-05,1 00001 0010000000,0
-6.103515625e-05,8,1 00001 0000000000,-6.866455078125e-05,1 00001 0010000000,-7.62939453125e-05,1 00001 0100000000,0
-6.103515625e-05,9,1 00001 0000000000,-7.62939453125e-05,1 00001 0100000000,-9.1552734375e-05,1 00001 1000000000,0
-6.103515625e-05,10,1 00001 0000000000,-0.0001220703125,1 00010 0000000000,-0.0,1 00000 0000000000,0
-6.103515625e-05,11,1 00001 0000000000,-0.000244140625,1 00011 0000000000,-0.000244140625,1 00011 0000000000,1
-6.103515625e-05,12,1 00001 0000000000,-0.0009765625,1 00101 0000000000,-0.0009765625,1 00101 0000000000,1
-6.103515625e-05,13,1 00001 0000000000,-0.015625,1 01001 0000000000,-0.015625,1 01001 0000000000,1
-6.103515625e-05,14,1 00001 0000000000,-4.0,1 10001 0000000000,-4.0,1 10001 0000000000,1
-6.103515625e-05,15,1 00001 0000000000,6.103515625e-05,0 00001 0000000000,6.103515625e-05,0 00001 0000000000,1
0.0,0,0 00000 0000000000,5.960464477539063e-08,0 00000 0000000001,5.960464477539063e-08,0 00000 0000000001,1
0.0,1,0 00000 0000000000,1.1920928955078125e-07,0 00000 0000000010,1.1920928955078125e-07,0 00000 0000000010,1
0.0,2,0 00000 0000000000,2.384185791015625e-07,0 00000 0000000100,2.384185791015625e-07,0 00000 0000000100,1
0.0,3,0 00000 0000000000,4.76837158203125e-07,0 00000 0000001000,4.76837158203125e-07,0 00000 0000001000,1
0.0,4,0 00000 0000000000,9.5367431640625e-07,0 00000 0000010000,9.5367431640625e-07,0 00000 0000010000,1
0.0,5,0 00000 0000000000,1.9073486328125e-06,0 00000 0000100000,1.9073486328125e-06,0 00000 0000100000,1
0.0,6,0 00000 0000000000,3.814697265625e-06,0 00000 0001000000,3.814697265625e-06,0 00000 0001000000,1
0.0,7,0 00000 0000000000,7.62939453125e-06,0 00000 0010000000,7.62939453125e-06,0 00000 0010000000,1
0.0,8,0 00000 0000000000,1.52587890625e-05,0 00000 0100000000,1.52587890625e-05,0 00000 0100000000,1
0.0,9,0 00000 0000000000,3.0517578125e-05,0 00000 1000000000,3.0517578125e-05,0 00000 1000000000,1
0.0,10,0 00000 0000000000,6.103515625e-05,0 00001 0000000000,6.103515625e-05,0 00001 0000000000,1
0.0,11,0 00000 0000000000,0.0,0 00000 0000000000,0.0001220703125,0 00010 0000000000,0
0.0,12,0 00000 0000000000,0.0,0 00000 0000000000,0.00048828125,0 00100 0000000000,0
0.0,13,0 00000 0000000000,0.0,0 00000 0000000000,0.0078125,0 01000 0000000000,0
0.0,14,0 00000 0000000000,0.0,0 00000 0000000000,2.0,0 10000 0000000000,0
0.0,15,0 00000 0000000000,0.0,0 00000 0000000000,-0.0,1 00000 0000000000,0
6.103515625e-05,0,0 00001 0000000000,6.103515625e-05,0 00001 0000000000,6.109476089477539e-05,0 00001 0000000001,0
6.103515625e-05,1,0 00001 0000000000,6.109476089477539e-05,0 00001 0000000001,6.115436553955078e-05,0 00001 0000000010,0
6.103515625e-05,2,0 00001 0000000000,6.115436553955078e-05,0 00001 0000000010,6.127357482910156e-05,0 00001 0000000100,0
6.103515625e-05,3,0 00001 0000000000,6.127357482910156e-05,0 00001 0000000100,6.151199340820312e-05,0 00001 0000001000,0
6.103515625e-05,4,0 00001 0000000000,6.151199340820312e-05,0 00001 0000001000,6.198883056640625e-05,0 00001 0000010000,0
6.103515625e-05,5,0 00001 0000000000,6.198883056640625e-05,0 00001 0000010000,6.29425048828125e-05,0 00001 0000100000,0
6.103515625e-05,6,0 00001 0000000000,6.29425048828125e-05,0 00001 0000100000,6.4849853515625e-05,0 00001 0001000000,0
6.103515625e-05,7,0 00001 0000000000,6.4849853515625e-05,0 00001 0001000000,6.866455078125e-05,0 00001 0010000000,0
6.103515625e-05,8,0 00001 0000000000,6.866455078125e-05,0 00001 0010000000,7.62939453125e-05,0 00001 0100000000,0
6.103515625e-05,9,0 00001 0000000000,7.62939453125e-05,0 00001 0100000000,9.1552734375e-05,0 00001 1000000000,0
6.103515625e-05,10,0 00001 0000000000,0.0001220703125,0 00010 0000000000,0.0,0 00000 0000000000,0
6.103515625e-05,11,0 00001 0000000000,0.000244140625,0 00011 0000000000,0.000244140625,0 00011 0000000000,1
6.103515625e-05,12,0 00001 0000000000,0.0009765625,0 00101 0000000000,0.0009765625,0 00101 0000000000,1
6.103515625e-05,13,0 00001 0000000000,0.015625,0 01001 0000000000,0.015625,0 01001 0000000000,1
6.103515625e-05,14,0 00001 0000000000,4.0,0 10001 0000000000,4.0,0 10001 0000000000,1
6.103515625e-05,15,0 00001 0000000000,-6.103515625e-05,1 00001 0000000000,-6.103515625e-05,1 00001 0000000000,1
0.0001220703125,0,0 00010 0000000000,0.0001220703125,0 00010 0000000000,0.00012218952178955078,0 00010 0000000001,0
0.0001220703125,1,0 00010 0000000000,0.00012218952178955078,0 00010 0000000001,0.00012230873107910156,0 00010 0000000010,0
0.0001220703125,2,0 00010 0000000000,0.00012230873107910156,0 00010 0000000010,0.00012254714965820312,0 00010 0000000100,0
0.0001220703125,3,0 00010 0000000000,0.00012254714965820312,0 00010 0000000100,0.00012302398681640625,0 00010 0000001000,0
0.0001220703125,4,0 00010 0000000000,0.00012302398681640625,0 00010 0000001000,0.0001239776611328125,0 00010 0000010000,0
0.0001220703125,5,0 00010 0000000000,0.0001239776611328125,0 00010 0000010000,0.000125885009765625,0 00010 0000100000,0
0.0001220703125,6,0 00010 0000000000,0.000125885009765625,0 00010 0000100000,0.00012969970703125,0 00010 0001000000,0
0.0001220703125,7,0 00010 0000000000,0.00012969970703125,0 00010 0001000000,0.0001373291015625,0 00010 0010000000,0
0.0001220703125,8,0 00010 0000000000,0.0001373291015625,0 00010 0010000000,0.000152587890625,0 00010 0100000000,0
0.0001220703125,9,0 00010 0000000000,0.000152587890625,0 00010 0100000000,0.00018310546875,0 00010 1000000000,0
0.0001220703125,10,0 00010 0000000000,6.103515625e-05,0 00001 0000000000,0.000244140625,0 00011 0000000000,0
0.0001220703125,11,0 00010 0000000000,0.00048828125,0 00100 0000000000,0.0,0 00000 0000000000,0
0.0001220703125,12,0 00010 0000000000,0.001953125,0 00110 0000000000,0.001953125,0 00110 0000000000,1
0.0001220703125,13,0 00010 0000000000,0.03125,0 01010 0000000000,0.03125,0 01010 0000000000,1
0.0001220703125,14,0 00010 0000000000,8.0,0 10010 0000000000,8.0,0 10010 0000000000,1
0.0001220703125,15,0 00010 0000000000,-0.0001220703125,1 00010 0000000000,-0.0001220703125,1 00010 0000000000,1
0.000244140625,0,0 00011 0000000000,0.000244140625,0 00011 0000000000,0.00024437904357910156,0 00011 0000000001,0
0.000244140625,1,0 00011 0000000000,0.00024437904357910156,0 00011 0000000001,0.0002446174621582031,0 00011 0000000010,0
0.000244140625,2,0 00011 0000000000,0.0002446174621582031,0 00011 0000000010,0.00024509429931640625,0 00011 0000000100,0
0.000244140625,3,0 00011 0000000000,0.00024509429931640625,0 00011 0000000100,0.0002460479736328125,0 00011 0000001000,0
0.000244140625,4,0 00011 0000000000,0.0002460479736328125,0 00011 0000001000,0.000247955322265625,0 00011 0000010000,0
0.000244140625,5,0 00011 0000000000,0.000247955322265625,0 00011 0000010000,0.00025177001953125,0 00011 0000100000,0
0.000244140625,6,0 00011 0000000000,0.00025177001953125,0 00011 0000100000,0.0002593994140625,0 00011 0001000000,0
0.000244140625,7,0 00011 0000000000,0.0002593994140625,0 00011 0001000000,0.000274658203125,0 00011 0010000000,0
0.000244140625,8,0 00011 0000000000,0.000274658203125,0 00011 0010000000,0.00030517578125,0 00011 0100000000,0
0.000244140625,9,0 00011 0000000000,0.00030517578125,0 00011 0100000000,0.0003662109375,0 00011 1000000000,0
0.000244140625,10,0 00011 0000000000,0.00048828125,0 00100 0000000000,0.0001220703125,0 00010 0000000000,0
0.000244140625,11,0 00011 0000000000,6.103515625e-05,0 00001 0000000000,6.103515625e-05,0 00001 0000000000,1
0.000244140625,12,0 00011 0000000000,0.00390625,0 00111 0000000000,0.00390625,0 00111 0000000000,1
0.000244140625,13,0 00011 0000000000,0.0625,0 01011 0000000000,0.0625,0 01011 0000000000,1
0.000244140625,14,0 00011 0000000000,16.0,0 10011 0000000000,16.0,0 10011 0000000000,1
0.000244140625,15,0 00011 0000000000,-0.000244140625,1 00011 0000000000,-0.000244140625,1 00011 0000000000,1
0.00048828125,0,0 00100 0000000000,0.00048828125,0 00100 0000000000,0.0004887580871582031,0 00100 0000000001,0
0.00048828125,1,0 00100 0000000000,0.0004887580871582031,0 00100 0000000001,0.0004892349243164062,0 00100 0000000010,0
0.00048828125,2,0 00100 0000000000,0.0004892349243164062,0 00100 0000000010,0.0004901885986328125,0 00100 0000000100,0
0.00048828125,3,0 00100 0000000000,0.0004901885986328125,0 00100 0000000100,0.000492095947265625,0 00100 0000001000,0
0.00048828125,4,0 00100 0000000000,0.000492095947265625,0 00100 0000001000,0.00049591064453125,0 00100 0000010000,0
0.00048828125,5,0 00100 0000000000,0.00049591064453125,0 00100 0000010000,0.0005035400390625,0 00100 0000100000,0
0.00048828125,6,0 00100 0000000000,0.0005035400390625,0 00100 0000100000,0.000518798828125,0 00100 0001000000,0
0.00048828125,7,0 00100 0000000000,0.000518798828125,0 00100 0001000000,0.00054931640625,0 00100 0010000000,0
0.00048828125,8,0 00100 0000000000,0.00054931640625,0 00100 0010000000,0.0006103515625,0 00100 0100000000,0
0.00048828125,9,0 00100 0000000000,0.0006103515625,0 00100 0100000000,0.000732421875,0 00100 1000000000,0
0.00048828125,10,0 00100 0000000000,0.000244140625,0 00011 0000000000,0.0009765625,0 00101 0000000000,0
0.00048828125,11,0 00100 0000000000,0.0001220703125,0 00010 0000000000,0.001953125,0 00110 0000000000,0
0.00048828125,12,0 00100 0000000000,0.0078125,0 01000 0000000000,0.0,0 00000 0000000000,0
0.00048828125,13,0 00100 0000000000,0.125,0 01100 0000000000,0.125,0 01100 0000000000,1
0.00048828125,14,0 00100 0000000000,32.0,0 10100 0000000000,32.0,0 10100 0000000000,1
0.00048828125,15,0 00100 0000000000,-0.00048828125,1 00100 0000000000,-0.00048828125,1 00100 0000000000,1
0.0009765625,0,0 00101 0000000000,0.0009765625,0 00101 0000000000,0.0009775161743164062,0 00101 0000000001,0
0.0009765625,1,0 00101 0000000000,0.0009775161743164062,0 00101 0000000001,0.0009784698486328125,0 00101 0000000010,0
0.0009765625,2,0 00101 0000000000,0.0009784698486328125,0 00101 0000000010,0.000980377197265625,0 00101 0000000100,0
0.0009765625,3,0 00101 0000000000,0.000980377197265625,0 00101 0000000100,0.00098419189453125,0 00101 0000001000,0
0.0009765625,4,0 00101 0000000000,0.00098419189453125,0 00101 0000001000,0.0009918212890625,0 00101 0000010000,0
0.0009765625,5,0 00101 0000000000,0.0009918212890625,0 00101 0000010000,0.001007080078125,0 00101 0000100000,0
0.0009765625,6,0 00101 0000000000,0.001007080078125,0 00101 0000100000,0.00103759765625,0 00101 0001000000,0
0.0009765625,7,0 00101 0000000000,0.00103759765625,0 00101 0001000000,0.0010986328125,0 00101 0010000000,0
0.0009765625,8,0 00101 0000000000,0.0010986328125,0 00101 0010000000,0.001220703125,0 00101 0100000000,0
0.0009765625,9,0 00101 0000000000,0.001220703125,0 00101 0100000000,0.00146484375,0 00101 1000000000,0
0.0009765625,10,0 00101 0000000000,0.001953125,0 00110 0000000000,0.00048828125,0 00100 0000000000,0
0.0009765625,11,0 00101 0000000000,0.00390625,0 00111 0000000000,0.00390625,0 00111 0000000000,1
0.0009765625,12,0 00101 0000000000,6.103515625e-05,0 00001 0000000000,6.103515625e-05,0 00001 0000000000,1
0.0009765625,13,0 00101 0000000000,0.25,0 01101 0000000000,0.25,0 01101 0000000000,1
0.0009765625,14,0 00101 0000000000,64.0,0 10101 0000000000,64.0,0 10101 0000000000,1
0.0009765625,15,0 00101 0000000000,-0.0009765625,1 00101 0000000000,-0.0009765625,1 00101 0000000000,1
0.001953125,0,0 00110 0000000000,0.001953125,0 00110 0000000000,0.0019550323486328125,0 00110 0000000001,0
0.001953125,1,0 00110 0000000000,0.0019550323486328125,0 00110 0000000001,0.001956939697265625,0 00110 0000000010,0
0.001953125,2,0 00110 0000000000,0.001956939697265625,0 00110 0000000010,0.00196075439453125,0 00110 0000000100,0
0.001953125,3,0 00110 0000000000,0.00196075439453125,0 00110 0000000100,0.0019683837890625,0 00110 0000001000,0
0.001953125,4,0 00110 0000000000,0.0019683837890625,0 00110 0000001000,0.001983642578125,0 00110 0000010000,0
0.001953125,5,0 00110 0000000000,0.001983642578125,0 00110 0000010000,0.00201416015625,0 00110 0000100000,0
0.001953125,6,0 00110 0000000000,0.00201416015625,0 00110 0000100000,0.0020751953125,0 00110 0001000000,0
0.001953125,7,0 00110 0000000000,0.0020751953125,0 00110 0001000000,0.002197265625,0 00110 0010000000,0
0.001953125,8,0 00110 0000000000,0.002197265625,0 00110 0010000000,0.00244140625,0 00110 0100000000,0
0.001953125,9,0 00110 0000000000,0.00244140625,0 00110 0100000000,0.0029296875,0 00110 1000000000,0
0.001953125,10,0 00110 0000000000,0.0009765625,0 00101 0000000000,0.00390625,0 00111 0000000000,0
0.001953125,11,0 00110 0000000000,0.0078125,0 01000 0000000000,0.00048828125,0 00100 0000000000,0
0.001953125,12,0 00110 0000000000,0.0001220703125,0 00010 0000000000,0.0001220703125,0 00010 0000000000,1
0.001953125,13,0 00110 0000000000,0.5,0 01110 0000000000,0.5,0 01110 0000000000,1
0.001953125,14,0 00110 0000000000,128.0,0 10110 0000000000,128.0,0 10110 0000000000,1
0.001953125,15,0 00110 0000000000,-0.001953125,1 00110 0000000000,-0.001953125,1 00110 0000000000,1
0.00390625,0,0 00111 0000000000,0.00390625,0 00111 0000000000,0.003910064697265625,0 00111 0000000001,0
0.00390625,1,0 00111 0000000000,0.003910064697265625,0 00111 0000000001,0.00391387939453125,0 00111 0000000010,0
0.00390625,2,0 00111 0000000000,0.00391387939453125,0 00111 0000000010,0.0039215087890625,0 00111 0000000100,0
0.00390625,3,0 00111 0000000000,0.0039215087890625,0 00111 0000000100,0.003936767578125,0 00111 0000001000,0
0.00390625,4,0 00111 0000000000,0.003936767578125,0 00111 0000001000,0.00396728515625,0 00111 0000010000,0
0.00390625,5,0 00111 0000000000,0.00396728515625,0 00111 0000010000,0.0040283203125,0 00111 0000100000,0
0.00390625,6,0 00111 0000000000,0.0040283203125,0 00111 0000100000,0.004150390625,0 00111 0001000000,0
0.00390625,7,0 00111 0000000000,0.004150390625,0 00111 0001000000,0.00439453125,0 00111 0010000000,0
0.00390625,8,0 00111 0000000000,0.00439453125,0 00111 0010000000,0.0048828125,0 00111 0100000000,0
0.00390625,9,0 00111 0000000000,0.0048828125,0 00111 0100000000,0.005859375,0 00111 1000000000,0
0.00390625,10,0 00111 0000000000,0.0078125,0 01000 0000000000,0.001953125,0 00110 0000000000,0
0.00390625,11,0 00111 0000000000,0.0009765625,0 00101 0000000000,0.0009765625,0 00101 0000000000,1
0.00390625,12,0 00111 0000000000,0.000244140625,0 00011 0000000000,0.000244140625,0 00011 0000000000,1
0.00390625,13,0 00111 0000000000,1.0,0 01111 0000000000,1.0,0 01111 0000000000,1
0.00390625,14,0 00111 0000000000,256.0,0 10111 0000000000,256.0,0 10111 0000000000,1
0.00390625,15,0 00111 0000000000,-0.00390625,1 00111 0000000000,-0.00390625,1 00111 0000000000,1
0.0078125,0,0 01000 0000000000,0.0078125,0 01000 0000000000,0.00782012939453125,0 01000 0000000001,0
0.0078125,1,0 01000 0000000000,0.00782012939453125,0 01000 0000000001,0.0078277587890625,0 01000 0000000010,0
0.0078125,2,0 01000 0000000000,0.0078277587890625,0 01000 0000000010,0.007843017578125,0 01000 0000000100,0
0.0078125,3,0 01000 0000000000,0.007843017578125,0 01000 0000000100,0.00787353515625,0 01000 0000001000,0
0.0078125,4,0 01000 0000000000,0.00787353515625,0 01000 0000001000,0.0079345703125,0 01000 0000010000,0
0.0078125,5,0 01000 0000000000,0.0079345703125,0 01000 0000010000,0.008056640625,0 01000 0000100000,0
0.0078125,6,0 01000 0000000000,0.008056640625,0 01000 0000100000,0.00830078125,0 01000 0001000000,0
0.0078125,7,0 01000 0000000000,0.00830078125,0 01000 0001000000,0.0087890625,0 01000 0010000000,0
0.0078125,8,0 01000 0000000000,0.0087890625,0 01000 0010000000,0.009765625,0 01000 0100000000,0
0.0078125,9,0 01000 0000000000,0.009765625,0 01000 0100000000,0.01171875,0 01000 1000000000,0
0.0078125,10,0 01000 0000000000,0.00390625,0 00111 0000000000,0.015625,0 01001 0000000000,0
0.0078125,11,0 01000 0000000000,0.001953125,0 00110 0000000000,0.03125,0 01010 0000000000,0
0.0078125,12,0 01000 0000000000,0.00048828125,0 00100 0000000000,0.125,0 01100 0000000000,0
0.0078125,13,0 01000 0000000000,2.0,0 10000 0000000000,0.0,0 00000 0000000000,0
0.0078125,14,0 01000 0000000000,512.0,0 11000 0000000000,512.0,0 11000 0000000000,1
0.0078125,15,0 01000 0000000000,-0.0078125,1 01000 0000000000,-0.0078125,1 01000 0000000000,1
0.015625,0,0 01001 0000000000,0.015625,0 01001 0000000000,0.0156402587890625,0 01001 0000000001,0
0.015625,1,0 01001 0000000000,0.0156402587890625,0 01001 0000000001,0.015655517578125,0 01001 0000000010,0
0.015625,2,0 01001 0000000000,0.015655517578125,0 01001 0000000010,0.01568603515625,0 01001 0000000100,0
0.015625,3,0 01001 0000000000,0.01568603515625,0 01001 0000000100,0.0157470703125,0 01001 0000001000,0
0.015625,4,0 01001 0000000000,0.0157470703125,0 01001 0000001000,0.015869140625,0 01001 0000010000,0
0.015625,5,0 01001 0000000000,0.015869140625,0 01001 0000010000,0.01611328125,0 01001 0000100000,0
0.015625,6,0 01001 0000000000,0.01611328125,0 01001 0000100000,0.0166015625,0 01001 0001000000,0
0.015625,7,0 01001 0000000000,0.0166015625,0 01001 0001000000,0.017578125,0 01001 0010000000,0
0.015625,8,0 01001 0000000000,0.017578125,0 01001 0010000000,0.01953125,0 01001 0100000000,0
0.015625,9,0 01001 0000000000,0.01953125,0 01001 0100000000,0.0234375,0 01001 1000000000,0
0.015625,10,0 01001 0000000000,0.03125,0 01010 0000000000,0.0078125,0 01000 0000000000,0
0.015625,11,0 01001 0000000000,0.0625,0 01011 0000000000,0.0625,0 01011 0000000000,1
0.015625,12,0 01001 0000000000,0.25,0 01101 0000000000,0.25,0 01101 0000000000,1
0.015625,13,0 01001 0000000000,6.103515625e-05,0 00001 0000000000,6.103515625e-05,0 00001 0000000000,1
0.015625,14,0 01001 0000000000,1024.0,0 11001 0000000000,1024.0,0 11001 0000000000,1
0.015625,15,0 01001 0000000000,-0.015625,1 01001 0000000000,-0.015625,1 01001 0000000000,1
0.03125,0,0 01010 0000000000,0.03125,0 01010 0000000000,0.031280517578125,0 01010 0000000001,0
0.03125,1,0 01010 0000000000,0.031280517578125,0 01010 0000000001,0.03131103515625,0 01010 0000000010,0
0.03125,2,0 01010 0000000000,0.03131103515625,0 01010 0000000010,0.0313720703125,0 01010 0000000100,0
0.03125,3,0 01010 0000000000,0.0313720703125,0 01010 0000000100,0.031494140625,0 01010 0000001000,0
0.03125,4,0 01010 0000000000,0.031494140625,0 01010 0000001000,0.03173828125,0 01010 0000010000,0
0.03125,5,0 01010 0000000000,0.03173828125,0 01010 0000010000,0.0322265625,0 01010 0000100000,0
0.03125,6,0 01010 0000000000,0.0322265625,0 01010 0000100000,0.033203125,0 01010 0001000000,0
0.03125,7,0 01010 0000000000,0.033203125,0 01010 0001000000,0.03515625,0 01010 0010000000,0
0.03125,8,0 01010 0000000000,0.03515625,0 01010 0010000000,0.0390625,0 01010 0100000000,0
0.03125,9,0 01010 0000000000,0.0390625,0 01010 0100000000,0.046875,0 01010 1000000000,0
0.03125,10,0 01010 0000000000,0.015625,0 01001 0000000000,0.0625,0 01011 0000000000,0
0.03125,11,0 01010 0000000000,0.125,0 01100 0000000000,0.0078125,0 01000 0000000000,0
0.03125,12,0 01010 0000000000,0.5,0 01110 0000000000,0.5,0 01110 0000000000,1
0.03125,13,0 01010 0000000000,0.0001220703125,0 00010 0000000000,0.0001220703125,0 00010 0000000000,1
0.03125,14,0 01010 0000000000,2048.0,0 11010 0000000000,2048.0,0 11010 0000000000,1
0.03125,15,0 01010 0000000000,-0.03125,1 01010 0000000000,-0.03125,1 01010 0000000000,1
0.0625,0,0 01011 0000000000,0.0625,0 01011 0000000000,0.06256103515625,0 01011 0000000001,0
0.0625,1,0 01011 0000000000,0.06256103515625,0 01011 0000000001,0.0626220703125,0 01011 0000000010,0
0.0625,2,0 01011 0000000000,0.0626220703125,0 01011 0000000010,0.062744140625,0 01011 0000000100,0
0.0625,3,0 01011 0000000000,0.062744140625,0 01011 0000000100,0.06298828125,0 01011 0000001000,0
0.0625,4,0 01011 0000000000,0.06298828125,0 01011 0000001000,0.0634765625,0 01011 0000010000,0
0.0625,5,0 01011 0000000000,0.0634765625,0 01011 0000010000,0.064453125,0 01011 0000100000,0
0.0625,6,0 01011 0000000000,0.064453125,0 01011 0000100000,0.06640625,0 01011 0001000000,0
0.0625,7,0 01011 0000000000,0.06640625,0 01011 0001000000,0.0703125,0 01011 0010000000,0
0.0625,8,0 01011 0000000000,0.0703125,0 01011 0010000000,0.078125,0 01011 0100000000,0
0.0625,9,0 01011 0000000000,0.078125,0 01011 0100000000,0.09375,0 01011 1000000000,0
0.0625,10,0 01011 0000000000,0.125,0 01100 0000000000,0.03125,0 01010 0000000000,0
0.0625,11,0 01011 0000000000,0.015625,0 01001 0000000000,0.015625,0 01001 0000000000,1
0.0625,12,0 01011 0000000000,1.0,0 01111 0000000000,1.0,0 01111 0000000000,1
0.0625,13,0 01011 0000000000,0.000244140625,0 00011 0000000000,0.000244140625,0 00011 0000000000,1
0.0625,14,0 01011 0000000000,4096.0,0 11011 0000000000,4096.0,0 11011 0000000000,1
0.0625,15,0 01011 0000000000,-0.0625,1 01011 0000000000,-0.0625,1 01011 0000000000,1
0.125,0,0 01100 0000000000,0.125,0 01100 0000000000,0.1251220703125,0 01100 0000000001,0
0.125,1,0 01100 0000000000,0.1251220703125,0 01100 0000000001,0.125244140625,0 01100 0000000010,0
0.125,2,0 01100 0000000000,0.125244140625,0 01100 0000000010,0.12548828125,0 01100 0000000100,0
0.125,3,0 01100 0000000000,0.12548828125,0 01100 0000000100,0.1259765625,0 01100 0000001000,0
0.125,4,0 01100 0000000000,0.1259765625,0 01100 0000001000,0.126953125,0 01100 0000010000,0
0.125,5,0 01100 0000000000,0.126953125,0 01100 0000010000,0.12890625,0 01100 0000100000,0
0.125,6,0 01100 0000000000,0.12890625,0 01100 0000100000,0.1328125,0 01100 0001000000,0
0.125,7,0 01100 0000000000,0.1328125,0 01100 0001000000,0.140625,0 01100 0010000000,0
0.125,8,0 01100 0000000000,0.140625,0 01100 0010000000,0.15625,0 01100 0100000000,0
0.125,9,0 01100 0000000000,0.15625,0 01100 0100000000,0.1875,0 01100 1000000000,0
0.125,10,0 01100 0000000000,0.0625,0 01011 0000000000,0.25,0 01101 0000000000,0
0.125,11,0 01100 0000000000,0.03125,0 01010 0000000000,0.5,0 01110 0000000000,0
0.125,12,0 01100 0000000000,2.0,0 10000 0000000000,0.0078125,0 01000 0000000000,0
0.125,13,0 01100 0000000000,0.00048828125,0 00100 0000000000,0.00048828125,0 00100 0000000000,1
0.125,14,0 01100 0000000000,8192.0,0 11100 0000000000,8192.0,0 11100 0000000000,1
0.125,15,0 01100 0000000000,-0.125,1 01100 0000000000,-0.125,1 01100 0000000000,1
0.25,0,0 01101 0000000000,0.25,0 01101 0000000000,0.250244140625,0 01101 0000000001,0
0.25,1,0 01101 0000000000,0.250244140625,0 01101 0000000001,0.25048828125,0 01101 0000000010,0
0.25,2,0 01101 0000000000,0.25048828125,0 01101 0000000010,0.2509765625,0 01101 0000000100,0
0.25,3,0 01101 0000000000,0.2509765625,0 01101 0000000100,0.251953125,0 01101 0000001000,0
0.25,4,0 01101 0000000000,0.251953125,0 01101 0000001000,0.25390625,0 01101 0000010000,0
0.25,5,0 01101 0000000000,0.25390625,0 01101 0000010000,0.2578125,0 01101 0000100000,0
0.25,6,0 01101 0000000000,0.2578125,0 01101 0000100000,0.265625,0 01101 0001000000,0
0.25,7,0 01101 0000000000,0.265625,0 01101 0001000000,0.28125,0 01101 0010000000,0
0.25,8,0 01101 0000000000,0.28125,0 01101 0010000000,0.3125,0 01101 0100000000,0
0.25,9,0 01101 0000000000,0.3125,0 01101 0100000000,0.375,0 01101 1000000000,0
0.25,10,0 01101 0000000000,0.5,0 01110 0000000000,0.125,0 01100 0000000000,0
0.25,11,0 01101 0000000000,1.0,0 01111 0000000000,1.0,0 01111 0000000000,1
0.25,12,0 01101 0000000000,0.015625,0 01001 0000000000,0.015625,0 01001 0000000000,1
0.25,13,0 01101 0000000000,0.0009765625,0 00101 0000000000,0.0009765625,0 00101 0000000000,1
0.25,14,0 01101 0000000000,16384.0,0 11101 0000000000,16384.0,0 11101 0000000000,1
0.25,15,0 01101 0000000000,-0.25,1 01101 0000000000,-0.25,1 01101 0000000000,1
0.5,0,0 01110 0000000000,0.5,0 01110 0000000000,0.50048828125,0 01110 0000000001,0
0.5,1,0 01110 0000000000,0.50048828125,0 01110 0000000001,0.5009765625,0 01110 0000000010,0
0.5,2,0 01110 0000000000,0.5009765625,0 01110 0000000010,0.501953125,0 01110 0000000100,0
0.5,3,0 01110 0000000000,0.501953125,0 01110 0000000100,0.50390625,0 01110 0000001000,0
0.5,4,0 01110 0000000000,0.50390625,0 01110 0000001000,0.5078125,0 01110 0000010000,0
0.5,5,0 01110 0000000000,0.5078125,0 01110 0000010000,0.515625,0 01110 0000100000,0
0.5,6,0 01110 0000000000,0.515625,0 01110 0000100000,0.53125,0 01110 0001000000,0
0.5,7,0 01110 0000000000,0.53125,0 01110 0001000000,0.5625,0 01110 0010000000,0
0.5,8,0 01110 0000000000,0.5625,0 01110 0010000000,0.625,0 01110 0100000000,0
0.5,9,0 01110 0000000000,0.625,0 01110 0100000000,0.75,0 01110 1000000000,0
0.5,10,0 01110 0000000000,0.25,0 01101 0000000000,1.0,0 01111 0000000000,0
0.5,11,0 01110 0000000000,2.0,0 10000 0000000000,0.125,0 01100 0000000000,0
0.5,12,0 01110 0000000000,0.03125,0 01010 0000000000,0.03125,0 01010 0000000000,1
0.5,13,0 01110 0000000000,0.001953125,0 00110 0000000000,0.001953125,0 00110 0000000000,1
0.5,14,0 01110 0000000000,32768.0,0 11110 0000000000,32768.0,0 11110 0000000000,1
0.5,15,0 01110 0000000000,-0.5,1 01110 0000000000,-0.5,1 01110 0000000000,1
1.0,0,0 01111 0000000000,1.0009765625,0 01111 0000000001,1.0009765625,0 01111 0000000001,1
1.0,1,0 01111 0000000000,1.001953125,0 01111 0000000010,1.001953125,0 01111 0000000010,1
1.0,2,0 01111 0000000000,1.00390625,0 01111 0000000100,1.00390625,0 01111 0000000100,1
1.0,3,0 01111 0000000000,1.0078125,0 01111 0000001000,1.0078125,0 01111 0000001000,1
1.0,4,0 01111 0000000000,1.015625,0 01111 0000010000,1.015625,0 01111 0000010000,1
1.0,5,0 01111 0000000000,1.03125,0 01111 0000100000,1.03125,0 01111 0000100000,1
1.0,6,0 01111 0000000000,1.0625,0 01111 0001000000,1.0625,0 01111 0001000000,1
1.0,7,0 01111 0000000000,1.125,0 01111 0010000000,1.125,0 01111 0010000000,1
1.0,8,0 01111 0000000000,1.25,0 01111 0100000000,1.25,0 01111 0100000000,1
1.0,9,0 01111 0000000000,1.5,0 01111 1000000000,1.5,0 01111 1000000000,1
1.0,10,0 01111 0000000000,0.5,0 01110 0000000000,0.5,0 01110 0000000000,1
1.0,11,0 01111 0000000000,0.25,0 01101 0000000000,0.25,0 01101 0000000000,1
1.0,12,0 01111 0000000000,0.0625,0 01011 0000000000,0.0625,0 01011 0000000000,1
1.0,13,0 01111 0000000000,0.00390625,0 00111 0000000000,0.00390625,0 00111 0000000000,1
1.0,14,0 01111 0000000000,inf,0 11111 0000000000,inf,0 11111 0000000000,1
1.0,15,0 01111 0000000000,-1.0,1 01111 0000000000,-1.0,1 01111 0000000000,1
2.0,0,0 10000 0000000000,2.001953125,0 10000 0000000001,2.001953125,0 10000 0000000001,1
2.0,1,0 10000 0000000000,2.00390625,0 10000 0000000010,2.00390625,0 10000 0000000010,1
2.0,2,0 10000 0000000000,2.0078125,0 10000 0000000100,2.0078125,0 10000 0000000100,1
2.0,3,0 10000 0000000000,2.015625,0 10000 0000001000,2.015625,0 10000 0000001000,1
2.0,4,0 10000 0000000000,2.03125,0 10000 0000010000,2.03125,0 10000 0000010000,1
2.0,5,0 10000 0000000000,2.0625,0 10000 0000100000,2.0625,0 10000 0000100000,1
2.0,6,0 10000 0000000000,2.125,0 10000 0001000000,2.125,0 10000 0001000000,1
2.0,7,0 10000 0000000000,2.25,0 10000 0010000000,2.25,0 10000 0010000000,1
2.0,8,0 10000 0000000000,2.5,0 10000 0100000000,2.5,0 10000 0100000000,1
2.0,9,0 10000 0000000000,3.0,0 10000 1000000000,3.0,0 10000 1000000000,1
2.0,10,0 10000 0000000000,4.0,0 10001 0000000000,4.0,0 10001 0000000000,1
2.0,11,0 10000 0000000000,8.0,0 10010 0000000000,8.0,0 10010 0000000000,1
2.0,12,0 10000 0000000000,32.0,0 10100 0000000000,32.0,0 10100 0000000000,1
2.0,13,0 10000 0000000000,512.0,0 11000 0000000000,512.0,0 11000 0000000000,1
2.0,14,0 10000 0000000000,3.0517578125e-05,0 00000 1000000000,0.0,0 00000 0000000000,0
2.0,15,0 10000 0000000000,-2.0,1 10000 0000000000,-2.0,1 10000 0000000000,1
4.0,0,0 10001 0000000000,4.00390625,0 10001 0000000001,4.00390625,0 10001 0000000001,1
4.0,1,0 10001 0000000000,4.0078125,0 10001 0000000010,4.0078125,0 10001 0000000010,1
4.0,2,0 10001 0000000000,4.015625,0 10001 0000000100,4.015625,0 10001 0000000100,1
4.0,3,0 10001 0000000000,4.03125,0 10001 0000001000,4.03125,0 10001 0000001000,1
4.0,4,0 10001 0000000000,4.0625,0 10001 0000010000,4.0625,0 10001 0000010000,1
4.0,5,0 10001 0000000000,4.125,0 10001 0000100000,4.125,0 10001 0000100000,1
4.0,6,0 10001 0000000000,4.25,0 10001 0001000000,4.25,0 10001 0001000000,1
4.0,7,0 10001 0000000000,4.5,0 10001 0010000000,4.5,0 10001 0010000000,1
4.0,8,0 10001 0000000000,5.0,0 10001 0100000000,5.0,0 10001 0100000000,1
4.0,9,0 10001 0000000000,6.0,0 10001 1000000000,6.0,0 10001 1000000000,1
4.0,10,0 10001 0000000000,2.0,0 10000 0000000000,2.0,0 10000 0000000000,1
4.0,11,0 10001 0000000000,16.0,0 10011 0000000000,16.0,0 10011 0000000000,1
4.0,12,0 10001 0000000000,64.0,0 10101 0000000000,64.0,0 10101 0000000000,1
4.0,13,0 10001 0000000000,1024.0,0 11001 0000000000,1024.0,0 11001 0000000000,1
4.0,14,0 10001 0000000000,6.103515625e-05,0 00001 0000000000,6.103515625e-05,0 00001 0000000000,1
4.0,15,0 10001 0000000000,-4.0,1 10001 0000000000,-4.0,1 10001 0000000000,1
8.0,0,0 10010 0000000000,8.0078125,0 10010 0000000001,8.0078125,0 10010 0000000001,1
8.0,1,0 10010 0000000000,8.015625,0 10010 0000000010,8.015625,0 10010 0000000010,1
8.0,2,0 10010 0000000000,8.03125,0 10010 0000000100,8.03125,0 10010 0000000100,1
8.0,3,0 10010 0000000000,8.0625,0 10010 0000001000,8.0625,0 10010 0000001000,1
8.0,4,0 10010 0000000000,8.125,0 10010 0000010000,8.125,0 10010 0000010000,1
8.0,5,0 10010 0000000000,8.25,0 10010 0000100000,8.25,0 10010 0000100000,1
8.0,6,0 10010 0000000000,8.5,0 10010 0001000000,8.5,0 10010 0001000000,1
8.0,7,0 10010 0000000000,9.0,0 10010 0010000000,9.0,0 10010 0010000000,1
8.0,8,0 10010 0000000000,10.0,0 10010 0100000000,10.0,0 10010 0100000000,1
8.0,9,0 10010 0000000000,12.0,0 10010 1000000000,12.0,0 10010 1000000000,1
8.0,10,0 10010 0000000000,16.0,0 10011 0000000000,16.0,0 10011 0000000000,1
8.0,11,0 10010 0000000000,2.0,0 10000 0000000000,2.0,0 10000 0000000000,1
8.0,12,0 10010 0000000000,128.0,0 10110 0000000000,128.0,0 10110 0000000000,1
8.0,13,0 10010 0000000000,2048.0,0 11010 0000000000,2048.0,0 11010 0000000000,1
8.0,14,0 10010 0000000000,0.0001220703125,0 00010 0000000000,0.0001220703125,0 00010 0000000000,1
8.0,15,0 10010 0000000000,-8.0,1 10010 0000000000,-8.0,1 10010 0000000000,1
16.0,0,0 10011 0000000000,16.015625,0 10011 0000000001,16.015625,0 10011 0000000001,1
16.0,1,0 10011 0000000000,16.03125,0 10011 0000000010,16.03125,0 10011 0000000010,1
16.0,2,0 10011 0000000000,16.0625,0 10011 0000000100,16.0625,0 10011 0000000100,1
16.0,3,0 10011 0000000000,16.125,0 10011 0000001000,16.125,0 10011 0000001000,1
16.0,4,0 10011 0000000000,16.25,0 10011 0000010000,16.25,0 10011 0000010000,1
16.0,5,0 10011 0000000000,16.5,0 10011 0000100000,16.5,0 10011 0000100000,1
16.0,6,0 10011 0000000000,17.0,0 10011 0001000000,17.0,0 10011 0001000000,1
16.0,7,0 10011 0000000000,18.0,0 10011 0010000000,18.0,0 10011 0010000000,1
16.0,8,0 10011 0000000000,20.0,0 10011 0100000000,20.0,0 10011 0100000000,1
16.0,9,0 10011 0000000000,24.0,0 10011 1000000000,24.0,0 10011 1000000000,1
16.0,10,0 10011 0000000000,8.0,0 10010 0000000000,8.0,0 10010 0000000000,1
16.0,11,0 10011 0000000000,4.0,0 10001 0000000000,4.0,0 10001 0000000000,1
16.0,12,0 10011 0000000000,256.0,0 10111 0000000000,256.0,0 10111 0000000000,1
16.0,13,0 10011 0000000000,4096.0,0 11011 0000000000,4096.0,0 11011 0000000000,1
16.0,14,0 10011 0000000000,0.000244140625,0 00011 0000000000,0.000244140625,0 00011 0000000000,1
16.0,15,0 10011 0000000000,-16.0,1 10011 0000000000,-16.0,1 10011 0000000000,1
32.0,0,0 10100 0000000000,32.03125,0 10100 0000000001,32.03125,0 10100 0000000001,1
32.0,1,0 10100 0000000000,32.0625,0 10100 0000000010,32.0625,0 10100 0000000010,1
32.0,2,0 10100 0000000000,32.125,0 10100 0000000100,32.125,0 10100 0000000100,1
32.0,3,0 10100 0000000000,32.25,0 10100 0000001000,32.25,0 10100 0000001000,1
32.0,4,0 10100 0000000000,32.5,0 10100 0000010000,32.5,0 10100 0000010000,1
32.0,5,0 10100 0000000000,33.0,0 10100 0000100000,33.0,0 10100 0000100000,1
32.0,6,0 10100 0000000000,34.0,0 10100 0001000000,34.0,0 10100 0001000000,1
32.0,7,0 10100 0000000000,36.0,0 10100 0010000000,36.0,0 10100 0010000000,1
32.0,8,0 10100 0000000000,40.0,0 10100 0100000000,40.0,0 10100 0100000000,1
32.0,9,0 10100 0000000000,48.0,0 10100 1000000000,48.0,0 10100 1000000000,1
32.0,10,0 10100 0000000000,64.0,0 10101 0000000000,64.0,0 10101 0000000000,1
32.0,11,0 10100 0000000000,128.0,0 10110 0000000000,128.0,0 10110 0000000000,1
32.0,12,0 10100 0000000000,2.0,0 10000 0000000000,2.0,0 10000 0000000000,1
32.0,13,0 10100 0000000000,8192.0,0 11100 0000000000,8192.0,0 11100 0000000000,1
32.0,14,0 10100 0000000000,0.00048828125,0 00100 0000000000,0.00048828125,0 00100 0000000000,1
32.0,15,0 10100 0000000000,-32.0,1 10100 0000000000,-32.0,1 10100 0000000000,1
64.0,0,0 10101 0000000000,64.0625,0 10101 0000000001,64.0625,0 10101 0000000001,1
64.0,1,0 10101 0000000000,64.125,0 10101 0000000010,64.125,0 10101 0000000010,1
64.0,2,0 10101 0000000000,64.25,0 10101 0000000100,64.25,0 10101 0000000100,1
64.0,3,0 10101 0000000000,64.5,0 10101 0000001000,64.5,0 10101 0000001000,1
64.0,4,0 10101 0000000000,65.0,0 10101 0000010000,65.0,0 10101 0000010000,1
64.0,5,0 10101 0000000000,66.0,0 10101 0000100000,66.0,0 10101 0000100000,1
64.0,6,0 10101 0000000000,68.0,0 10101 0001000000,68.0,0 10101 0001000000,1
64.0,7,0 10101 0000000000,72.0,0 10101 0010000000,72.0,0 10101 0010000000,1
64.0,8,0 10101 0000000000,80.0,0 10101 0100000000,80.0,0 10101 0100000000,1
64.0,9,0 10101 0000000000,96.0,0 10101 1000000000,96.0,0 10101 1000000000,1
64.0,10,0 10101 0000000000,32.0,0 10100 0000000000,32.0,0 10100 0000000000,1
64.0,11,0 10101 0000000000,256.0,0 10111 0000000000,256.0,0 10111 0000000000,1
64.0,12,0 10101 0000000000,4.0,0 10001 0000000000,4.0,0 10001 0000000000,1
64.0,13,0 10101 0000000000,16384.0,0 11101 0000000000,16384.0,0 11101 0000000000,1
64.0,14,0 10101 0000000000,0.0009765625,0 00101 0000000000,0.0009765625,0 00101 0000000000,1
64.0,15,0 10101 0000000000,-64.0,1 10101 0000000000,-64.0,1 10101 0000000000,1
128.0,0,0 10110 0000000000,128.125,0 10110 0000000001,128.125,0 10110 0000000001,1
128.0,1,0 10110 0000000000,128.25,0 10110 0000000010,128.25,0 10110 0000000010,1
128.0,2,0 10110 0000000000,128.5,0 10110 0000000100,128.5,0 10110 0000000100,1
128.0,3,0 10110 0000000000,129.0,0 10110 0000001000,129.0,0 10110 0000001000,1
128.0,4,0 10110 0000000000,130.0,0 10110 0000010000,130.0,0 10110 0000010000,1
128.0,5,0 10110 0000000000,132.0,0 10110 0000100000,132.0,0 10110 0000100000,1
128.0,6,0 10110 0000000000,136.0,0 10110 0001000000,136.0,0 10110 0001000000,1
128.0,7,0 10110 0000000000,144.0,0 10110 0010000000,144.0,0 10110 0010000000,1
128.0,8,0 10110 0000000000,160.0,0 10110 0100000000,160.0,0 10110 0100000000,1
128.0,9,0 10110 0000000000,192.0,0 10110 1000000000,192.0,0 10110 1000000000,1
128.0,10,0 10110 0000000000,256.0,0 10111 0000000000,256.0,0 10111 0000000000,1
128.0,11,0 10110 0000000000,32.0,0 10100 0000000000,32.0,0 10100 0000000000,1
128.0,12,0 10110 0000000000,8.0,0 10010 0000000000,8.0,0 10010 0000000000,1
128.0,13,0 10110 0000000000,32768.0,0 11110 0000000000,32768.0,0 11110 0000000000,1
128.0,14,0 10110 0000000000,0.001953125,0 00110 0000000000,0.001953125,0 00110 0000000000,1
128.0,15,0 10110 0000000000,-128.0,1 10110 0000000000,-128.0,1 10110 0000000000,1
256.0,0,0 10111 0000000000,256.25,0 10111 0000000001,256.25,0 10111 0000000001,1
256.0,1,0 10111 0000000000,256.5,0 10111 0000000010,256.5,0 10111 0000000010,1
256.0,2,0 10111 0000000000,257.0,0 10111 0000000100,257.0,0 10111 0000000100,1
256.0,3,0 10111 0000000000,258.0,0 10111 0000001000,258.0,0 10111 0000001000,1
256.0,4,0 10111 0000000000,260.0,0 10111 0000010000,260.0,0 10111 0000010000,1
256.0,5,0 10111 0000000000,264.0,0 10111 0000100000,264.0,0 10111 0000100000,1
256.0,6,0 10111 0000000000,272.0,0 10111 0001000000,272.0,0 10111 0001000000,1
256.0,7,0 10111 0000000000,288.0,0 10111 0010000000,288.0,0 10111 0010000000,1
256.0,8,0 10111 0000000000,320.0,0 10111 0100000000,320.0,0 10111 0100000000,1
256.0,9,0 10111 0000000000,384.0,0 10111 1000000000,384.0,0 10111 1000000000,1
256.0,10,0 10111 0000000000,128.0,0 10110 0000000000,128.0,0 10110 0000000000,1
256.0,11,0 10111 0000000000,64.0,0 10101 0000000000,64.0,0 10101 0000000000,1
256.0,12,0 10111 0000000000,16.0,0 10011 0000000000,16.0,0 10011 0000000000,1
256.0,13,0 10111 0000000000,inf,0 11111 0000000000,inf,0 11111 0000000000,1
256.0,14,0 10111 0000000000,0.00390625,0 00111 0000000000,0.00390625,0 00111 0000000000,1
256.0,15,0 10111 0000000000,-256.0,1 10111 0000000000,-256.0,1 10111 0000000000,1
512.0,0,0 11000 0000000000,512.5,0 11000 0000000001,512.5,0 11000 0000000001,1
512.0,1,0 11000 0000000000,513.0,0 11000 0000000010,513.0,0 11000 0000000010,1
512.0,2,0 11000 0000000000,514.0,0 11000 0000000100,514.0,0 11000 0000000100,1
512.0,3,0 11000 0000000000,516.0,0 11000 0000001000,516.0,0 11000 0000001000,1
512.0,4,0 11000 0000000000,520.0,0 11000 0000010000,520.0,0 11000 0000010000,1
512.0,5,0 11000 0000000000,528.0,0 11000 0000100000,528.0,0 11000 0000100000,1
512.0,6,0 11000 0000000000,544.0,0 11000 0001000000,544.0,0 11000 0001000000,1
512.0,7,0 11000 0000000000,576.0,0 11000 0010000000,576.0,0 11000 0010000000,1
512.0,8,0 11000 0000000000,640.0,0 11000 0100000000,640.0,0 11000 0100000000,1
512.0,9,0 11000 0000000000,768.0,0 11000 1000000000,768.0,0 11000 1000000000,1
512.0,10,0 11000 0000000000,1024.0,0 11001 0000000000,1024.0,0 11001 0000000000,1
512.0,11,0 11000 0000000000,2048.0,0 11010 0000000000,2048.0,0 11010 0000000000,1
512.0,12,0 11000 0000000000,8192.0,0 11100 0000000000,8192.0,0 11100 0000000000,1
512.0,13,0 11000 0000000000,2.0,0 10000 0000000000,2.0,0 10000 0000000000,1
512.0,14,0 11000 0000000000,0.0078125,0 01000 0000000000,0.0078125,0 01000 0000000000,1
512.0,15,0 11000 0000000000,-512.0,1 11000 0000000000,-512.0,1 11000 0000000000,1
1024.0,0,0 11001 0000000000,1025.0,0 11001 0000000001,1025.0,0 11001 0000000001,1
1024.0,1,0 11001 0000000000,1026.0,0 11001 0000000010,1026.0,0 11001 0000000010,1
1024.0,2,0 11001 0000000000,1028.0,0 11001 0000000100,1028.0,0 11001 0000000100,1
1024.0,3,0 11001 0000000000,1032.0,0 11001 0000001000,1032.0,0 11001 0000001000,1
1024.0,4,0 11001 0000000000,1040.0,0 11001 0000010000,1040.0,0 11001 0000010000,1
1024.0,5,0 11001 0000000000,1056.0,0 11001 0000100000,1056.0,0 11001 0000100000,1
1024.0,6,0 11001 0000000000,1088.0,0 11001 0001000000,1088.0,0 11001 0001000000,1
1024.0,7,0 11001 0000000000,1152.0,0 11001 0010000000,1152.0,0 11001 0010000000,1
1024.0,8,0 11001 0000000000,1280.0,0 11001 0100000000,1280.0,0 11001 0100000000,1
1024.0,9,0 11001 0000000000,1536.0,0 11001 1000000000,1536.0,0 11001 1000000000,1
1024.0,10,0 11001 0000000000,512.0,0 11000 0000000000,512.0,0 11000 0000000000,1
1024.0,11,0 11001 0000000000,4096.0,0 11011 0000000000,4096.0,0 11011 0000000000,1
1024.0,12,0 11001 0000000000,16384.0,0 11101 0000000000,16384.0,0 11101 0000000000,1
1024.0,13,0 11001 0000000000,4.0,0 10001 0000000000,4.0,0 10001 0000000000,1
1024.0,14,0 11001 0000000000,0.015625,0 01001 0000000000,0.015625,0 01001 0000000000,1
1024.0,15,0 11001 0000000000,-1024.0,1 11001 0000000000,-1024.0,1 11001 0000000000,1
2048.0,0,0 11010 0000000000,2050.0,0 11010 0000000001,2050.0,0 11010 0000000001,1
2048.0,1,0 11010 0000000000,2052.0,0 11010 0000000010,2052.0,0 11010 0000000010,1
2048.0,2,0 11010 0000000000,2056.0,0 11010 0000000100,2056.0,0 11010 0000000100,1
2048.0,3,0 11010 0000000000,2064.0,0 11010 0000001000,2064.0,0 11010 0000001000,1
2048.0,4,0 11010 0000000000,2080.0,0 11010 0000010000,2080.0,0 11010 0000010000,1
2048.0,5,0 11010 0000000000,2112.0,0 11010 0000100000,2112.0,0 11010 0000100000,1
2048.0,6,0 11010 0000000000,2176.0,0 11010 0001000000,2176.0,0 11010 0001000000,1
2048.0,7,0 11010 0000000000,2304.0,0 11010 0010000000,2304.0,0 11010 0010000000,1
2048.0,8,0 11010 0000000000,2560.0,0 11010 0100000000,2560.0,0 11010 0100000000,1
2048.0,9,0 11010 0000000000,3072.0,0 11010 1000000000,3072.0,0 11010 1000000000,1
2048.0,10,0 11010 0000000000,4096.0,0 11011 0000000000,4096.0,0 11011 0000000000,1
2048.0,11,0 11010 0000000000,512.0,0 11000 0000000000,512.0,0 11000 0000000000,1
2048.0,12,0 11010 0000000000,32768.0,0 11110 0000000000,32768.0,0 11110 0000000000,1
2048.0,13,0 11010 0000000000,8.0,0 10010 0000000000,8.0,0 10010 0000000000,1
2048.0,14,0 11010 0000000000,0.03125,0 01010 0000000000,0.03125,0 01010 0000000000,1
2048.0,15,0 11010 0000000000,-2048.0,1 11010 0000000000,-2048.0,1 11010 0000000000,1
4096.0,0,0 11011 0000000000,4100.0,0 11011 0000000001,4100.0,0 11011 0000000001,1
4096.0,1,0 11011 0000000000,4104.0,0 11011 0000000010,4104.0,0 11011 0000000010,1
4096.0,2,0 11011 0000000000,4112.0,0 11011 0000000100,4112.0,0 11011 0000000100,1
4096.0,3,0 11011 0000000000,4128.0,0 11011 0000001000,4128.0,0 11011 0000001000,1
4096.0,4,0 11011 0000000000,4160.0,0 11011 0000010000,4160.0,0 11011 0000010000,1
4096.0,5,0 11011 0000000000,4224.0,0 11011 0000100000,4224.0,0 11011 0000100000,1
4096.0,6,0 11011 0000000000,4352.0,0 11011 0001000000,4352.0,0 11011 0001000000,1
4096.0,7,0 11011 0000000000,4608.0,0 11011 0010000000,4608.0,0 11011 0010000000,1
4096.0,8,0 11011 0000000000,5120.0,0 11011 0100000000,5120.0,0 11011 0100000000,1
4096.0,9,0 11011 0000000000,6144.0,0 11011 1000000000,6144.0,0 11011 1000000000,1
4096.0,10,0 11011 0000000000,2048.0,0 11010 0000000000,2048.0,0 11010 0000000000,1
4096.0,11,0 11011 0000000000,1024.0,0 11001 0000000000,1024.0,0 11001 0000000000,1
4096.0,12,0 11011 0000000000,inf,0 11111 0000000000,inf,0 11111 0000000000,1
4096.0,13,0 11011 0000000000,16.0,0 10011 0000000000,16.0,0 10011 0000000000,1
4096.0,14,0 11011 0000000000,0.0625,0 01011 0000000000,0.0625,0 01011 0000000000,1
4096.0,15,0 11011 0000000000,-4096.0,1 11011 0000000000,-4096.0,1 11011 0000000000,1
8192.0,0,0 11100 0000000000,8200.0,0 11100 0000000001,8200.0,0 11100 0000000001,1
8192.0,1,0 11100 0000000000,8208.0,0 11100 0000000010,8208.0,0 11100 0000000010,1
8192.0,2,0 11100 0000000000,8224.0,0 11100 0000000100,8224.0,0 11100 0000000100,1
8192.0,3,0 11100 0000000000,8256.0,0 11100 0000001000,8256.0,0 11100 0000001000,1
8192.0,4,0 11100 0000000000,8320.0,0 11100 0000010000,8320.0,0 11100 0000010000,1
8192.0,5,0 11100 0000000000,8448.0,0 11100 0000100000,8448.0,0 11100 0000100000,1
8192.0,6,0 11100 0000000000,8704.0,0 11100 0001000000,8704.0,0 11100 0001000000,1
8192.0,7,0 11100 0000000000,9216.0,0 11100 0010000000,9216.0,0 11100 0010000000,1
8192.0,8,0 11100 0000000000,10240.0,0 11100 0100000000,10240.0,0 11100 0100000000,1
8192.0,9,0 11100 0000000000,12288.0,0 11100 1000000000,12288.0,0 11100 1000000000,1
8192.0,10,0 11100 0000000000,16384.0,0 11101 0000000000,16384.0,0 11101 0000000000,1
8192.0,11,0 11100 0000000000,32768.0,0 11110 0000000000,32768.0,0 11110 0000000000,1
8192.0,12,0 11100 0000000000,512.0,0 11000 0000000000,512.0,0 11000 0000000000,1
8192.0,13,0 11100 0000000000,32.0,0 10100 0000000000,32.0,0 10100 0000000000,1
8192.0,14,0 11100 0000000000,0.125,0 01100 0000000000,0.125,0 01100 0000000000,1
8192.0,15,0 11100 0000000000,-8192.0,1 11100 0000000000,-8192.0,1 11100 0000000000,1
16384.0,0,0 11101 0000000000,16400.0,0 11101 0000000001,16400.0,0 11101 0000000001,1
16384.0,1,0 11101 0000000000,16416.0,0 11101 0000000010,16416.0,0 11101 0000000010,1
16384.0,2,0 11101 0000000000,16448.0,0 11101 0000000100,16448.0,0 11101 0000000100,1
16384.0,3,0 11101 0000000000,16512.0,0 11101 0000001000,16512.0,0 11101 0000001000,1
16384.0,4,0 11101 0000000000,16640.0,0 11101 0000010000,16640.0,0 11101 0000010000,1
16384.0,5,0 11101 0000000000,16896.0,0 11101 0000100000,16896.0,0 11101 0000100000,1
16384.0,6,0 11101 0000000000,17408.0,0 11101 0001000000,17408.0,0 11101 0001000000,1
16384.0,7,0 11101 0000000000,18432.0,0 11101 0010000000,18432.0,0 11101 0010000000,1
16384.0,8,0 11101 0000000000,20480.0,0 11101 0100000000,20480.0,0 11101 0100000000,1
16384.0,9,0 11101 0000000000,24576.0,0 11101 1000000000,24576.0,0 11101 1000000000,1
16384.0,10,0 11101 0000000000,8192.0,0 11100 0000000000,8192.0,0 11100 0000000000,1
16384.0,11,0 11101 0000000000,inf,0 11111 0000000000,inf,0 11111 0000000000,1
16384.0,12,0 11101 0000000000,1024.0,0 11001 0000000000,1024.0,0 11001 0000000000,1
16384.0,13,0 11101 0000000000,64.0,0 10101 0000000000,64.0,0 10101 0000000000,1
16384.0,14,0 11101 0000000000,0.25,0 01101 0000000000,0.25,0 01101 0000000000,1
16384.0,15,0 11101 0000000000,-16384.0,1 11101 0000000000,-16384.0,1 11101 0000000000,1
32768.0,0,0 11110 0000000000,32800.0,0 11110 0000000001,32800.0,0 11110 0000000001,1
32768.0,1,0 11110 0000000000,32832.0,0 11110 0000000010,32832.0,0 11110 0000000010,1
32768.0,2,0 11110 0000000000,32896.0,0 11110 0000000100,32896.0,0 11110 0000000100,1
32768.0,3,0 11110 0000000000,33024.0,0 11110 0000001000,33024.0,0 11110 0000001000,1
32768.0,4,0 11110 0000000000,33280.0,0 11110 0000010000,33280.0,0 11110 0000010000,1
32768.0,5,0 11110 0000000000,33792.0,0 11110 0000100000,33792.0,0 11110 0000100000,1
32768.0,6,0 11110 0000000000,34816.0,0 11110 0001000000,34816.0,0 11110 0001000000,1
32768.0,7,0 11110 0000000000,36864.0,0 11110 0010000000,36864.0,0 11110 0010000000,1
32768.0,8,0 11110 0000000000,40960.0,0 11110 0100000000,40960.0,0 11110 0100000000,1
32768.0,9,0 11110 0000000000,49152.0,0 11110 1000000000,49152.0,0 11110 1000000000,1
32768.0,10,0 11110 0000000000,inf,0 11111 0000000000,inf,0 11111 0000000000,1
32768.0,11,0 11110 0000000000,8192.0,0 11100 0000000000,8192.0,0 11100 0000000000,1
32768.0,12,0 11110 0000000000,2048.0,0 11010 0000000000,2048.0,0 11010 0000000000,1
32768.0,13,0 11110 0000000000,128.0,0 10110 0000000000,128.0,0 10110 0000000000,1
32768.0,14,0 11110 0000000000,0.5,0 01110 0000000000,0.5,0 01110 0000000000,1
32768.0,15,0 11110 0000000000,-32768.0,1 11110 0000000000,-32768.0,1 11110 0000000000,1
inf,0,0 11111 0000000000,inf,0 11111 0000000000,nan,0 11111 0000000001,0
inf,1,0 11111 0000000000,inf,0 11111 0000000000,nan,0 11111 0000000010,0
inf,2,0 11111 0000000000,inf,0 11111 0000000000,nan,0 11111 0000000100,0
inf,3,0 11111 0000000000,inf,0 11111 0000000000,nan,0 11111 0000001000,0
inf,4,0 11111 0000000000,inf,0 11111 0000000000,nan,0 11111 0000010000,0
inf,5,0 11111 0000000000,inf,0 11111 0000000000,nan,0 11111 0000100000,0
inf,6,0 11111 0000000000,inf,0 11111 0000000000,nan,0 11111 0001000000,0
inf,7,0 11111 0000000000,inf,0 11111 0000000000,nan,0 11111 0010000000,0
inf,8,0 11111 0000000000,inf,0 11111 0000000000,nan,0 11111 0100000000,0
inf,9,0 11111 0000000000,inf,0 11111 0000000000,nan,0 11111 1000000000,0
inf,10,0 11111 0000000000,inf,0 11111 0000000000,32768.0,0 11110 0000000000,0
inf,11,0 11111 0000000000,inf,0 11111 0000000000,16384.0,0 11101 0000000000,0
inf,12,0 11111 0000000000,inf,0 11111 0000000000,4096.0,0 11011 0000000000,0
inf,13,0 11111 0000000000,inf,0 11111 0000000000,256.0,0 10111 0000000000,0
inf,14,0 11111 0000000000,inf,0 11111 0000000000,1.0,0 01111 0000000000,0
inf,15,0 11111 0000000000,-inf,1 11111 0000000000,-inf,1 11111 0000000000,1
